Территория преимущественного использования ТС	Категория «A», «М»	Категория «B», «BE» юр. лиц	Категория «B», «BE» физ. лиц, индивид. Предприним.	Категория «B», «BE» Такси	Категория «C», «CE» менее 16 тонн (включит.)	Категория «C», «CE» более 16 тонн	Категория «D», «DE» до 16 мест (включит.)	Категория «D», «DE» более 16 мест	Категория «D», «DE» Маршрутка	Троллейбусы	Трамваи	Тракторы, самоходные дорожностроительные и иные машины
Временного использования на территории Российской Федерации транспортных средств зарегистрированных в иностранных государствах	694	2058	3432	7399	2807	4227	2246	2807	7399	4044	2521	899
Для ТС, следующих к месту регистрации ТС, а также к месту проведения техомотра ТС, повторного техосмотра ТС	694	2058	3432	7399	2807	4227	2246	2807	7399	4044	2521	899
Республика Адыгея	694	2058	4942	7399	2807	4227	2246	2807	7399	4044	2521	899
Республика Алтай												
Горно-Алтайск	694	2058	4942	7399	2807	4227	2246	2807	7399	4044	2521	899
Прочие города и населенные пункты	694	2058	4942	7399	2807	4227	2246	2807	7399	4044	2521	899
Республика Башкортостан												
Благовещенск, Октябрьский	694	2058	4926	7399	2807	4227	2246	2807	7399	4044	2521	899
Ишимбай, Кумертау, Салават	694	2058	4926	7399	2807	4227	2246	2807	7399	4044	2521	899
Стерлитамак, Туймазы	694	2058	4926	7399	2807	4227	2246	2807	7399	4044	2521	899
Уфа	694	2058	4400	7399	2807	4227	2246	2807	7399	4044	2521	899
Прочие города и населенные пункты	694	2058	4427	7399	2807	4227	2246	2807	7399	4044	2521	899
Республика Бурятия												
Улан-Удэ	694	2058	4942	7399	2807	4227	2246	2807	7399	4044	2521	899
Прочие города и населенные пункты	694	2058	4942	7399	2807	4227	2246	2807	7399	4044	2521	899
Республика Дагестан												
Буйнакск, Дербент, Каспийск, Махачкала, Хасавюрт	694	2058	4942	7399	2807	4227	2246	2807	7399	4044	2521	899
Прочие города и населенные пункты	694	2058	4942	7399	2807	4227	2246	2807	7399	4044	2521	899
Республика Ингушетия												
Малгобек	694	2058	4942	7399	2807	4227	2246	2807	7399	4044	2521	899
Назрань	694	2058	4942	7399	2807	4227	2246	2807	7399	4044	2521	899
Прочие города и населенные пункты	694	2058	4942	7399	2807	4227	2246	2807	7399	4044	2521	899
Кабардино-Балкарская Республика												
Нальчик, Прохладный	694	2058	4942	7399	2807	4227	2246	2807	7399	4044	2521	899
Прочие города и населенные пункты	694	2058	4942	7399	2807	4227	2246	2807	7399	4044	2521	899
Республика Калмыкия												
Элиста	694	2058	4500	7399	2807	4227	2246	2807	7399	4044	2521	899
Прочие города и населенные пункты	694	2058	4937	7399	2807	4227	2246	2807	7399	4044	2521	899
Карачаево-Черкесская Республика	694	2058	4942	7399	2807	4227	2246	2807	7399	4044	2521	899
Республика Карелия												
Петрозаводск	694	2058	4324	7399	2807	4227	2246	2807	7399	4044	2521	899
Прочие города и населенные пункты	694	2058	4324	7399	2807	4227	2246	2807	7399	4044	2521	899
Республика Коми												
Сыктывкар	694	2058	3706	7399	2807	4227	2246	2807	7399	4044	2521	899
Ухта	694	2058	4118	7399	2807	4227	2246	2807	7399	4044	2521	899
Прочие города и населенные пункты	694	2058	3875	7399	2807	4227	2246	2807	7399	4044	2521	899
Республика Крым												
Симферополь	694	2058	4942	7399	2807	4227	2246	2807	7399	4044	2521	899
Прочие города и населенные пункты	694	2058	4942	7399	2807	4227	2246	2807	7399	4044	2521	899
Республика Марий Эл												
Волжск	694	2058	4942	7399	2807	4227	2246	2807	7399	4044	2521	899
Йошкар-Ола	694	2058	4500	7399	2807	4227	2246	2807	7399	4044	2521	899
Прочие города и населенные пункты	694	2058	4942	7399	2807	4227	2246	2807	7399	4044	2521	899
Республика Мордовия												
Рузаевка	694	2058	4736	7399	2807	4227	2246	2807	7399	4044	2521	899
Саранск	694	2058	4427	7399	2807	4227	2246	2807	7399	4044	2521	899
Прочие города и населенные пункты	694	2058	4736	7399	2807	4227	2246	2807	7399	4044	2521	899
Республика Саха (Якутия)												
Нерюнгри	694	2058	4942	7399	2807	4227	2246	2807	7399	4044	2521	899
Якутск	694	2058	4942	7399	2807	4227	2246	2807	7399	4044	2521	899
Прочие города и населенные пункты	694	2058	4942	7399	2807	4227	2246	2807	7399	4044	2521	899
Республика Северная Осетия - Алания												
Владикавказ	694	2058	4942	7399	2807	4227	2246	2807	7399	4044	2521	899
Прочие города и населенные пункты	694	2058	4942	7399	2807	4227	2246	2807	7399	4044	2521	899
Республика Татарстан												
Альметьевск, Зеленодольск, Нижнекамск	694	2058	4324	7399	2807	4227	2246	2807	7399	4044	2521	899
Бугульма, Лениногорск, Чистополь	694	2058	4324	7399	2807	4227	2246	2807	7399	4044	2521	899
Елабуга	694	2058	4736	7399	2807	4227	2246	2807	7399	4044	2521	899
Казань	694	2058	4200	7399	2807	4227	2246	2807	7399	4044	2521	899
Набережные Челны	694	2058	3777	7399	2807	4227	2246	2807	7399	4044	2521	899
Прочие города и населенные пункты	694	2058	4324	7399	2807	4227	2246	2807	7399	4044	2521	899
Республика Тыва												
Кызыл	694	2058	4942	7399	2807	4227	2246	2807	7399	4044	2521	899
Прочие города и населенные пункты	694	2058	4942	7399	2807	4227	2246	2807	7399	4044	2521	899
Удмуртская Республика												
Воткинск	694	2058	4736	7399	2807	4227	2246	2807	7399	4044	2521	899
Глазов, Сарапул	694	2058	4736	7399	2807	4227	2246	2807	7399	4044	2521	899
Ижевск	694	2058	3984	7399	2807	4227	2246	2807	7399	4044	2521	899
Прочие города и населенные пункты	694	2058	4118	7399	2807	4227	2246	2807	7399	4044	2521	899
Республика Хакасия												
Абакан, Саяногорск, Черногорск	694	2058	4942	7399	2807	4227	2246	2807	7399	4044	2521	899
Прочие города и населенные пункты	694	2058	4942	7399	2807	4227	2246	2807	7399	4044	2521	899
Чеченская Республика	694	2058	4942	7399	2807	4227	2246	2807	7399	4044	2521	899
Чувашская Республика												
Канаш	694	2058	4942	7399	2807	4227	2246	2807	7399	4044	2521	899
Новочебоксарск	694	2058	4942	7399	2807	4227	2246	2807	7399	4044	2521	899
Чебоксары	694	2058	4118	7399	2807	4227	2246	2807	7399	4044	2521	899
Прочие города и населенные пункты	694	2058	4942	7399	2807	4227	2246	2807	7399	4044	2521	899
Алтайский край												
Барнаул	694	2058	4408	7399	2807	4227	2246	2807	7399	4044	2521	899
Бийск	694	2058	4736	7399	2807	4227	2246	2807	7399	4044	2521	899
Заринск, Новоалтайск, Рубцовск	694	2058	4736	7399	2807	4227	2246	2807	7399	4044	2521	899
Прочие города и населенные пункты	694	2058	4736	7399	2807	4227	2246	2807	7399	4044	2521	899
Забайкальский край												
Краснокаменск	694	2058	4031	7399	2807	4227	2246	2807	7399	4044	2521	899
Чита	694	2058	4736	7399	2807	4227	2246	2807	7399	4044	2521	899
Прочие города и населенные пункты	694	2058	3978	7399	2807	4227	2246	2807	7399	4044	2521	899
Камчатский край												
Петропавловск-Камчатский	694	2058	4942	7399	2807	4227	2246	2807	7399	4044	2521	899
Прочие города и населенные пункты	694	2058	4942	7399	2807	4227	2246	2807	7399	4044	2521	899
Краснодарский край												
Анапа	694	2058	4830	7399	2807	4227	2246	2807	7399	4044	2521	899
Геленджик	694	2058	4840	7399	2807	4227	2246	2807	7399	4044	2521	899
Армавир	694	2058	4942	7399	2807	4227	2246	2807	7399	4044	2521	899
Сочи	694	2058	4937	7399	2807	4227	2246	2807	7399	4044	2521	899
Туапсе	694	2058	4910	7399	2807	4227	2246	2807	7399	4044	2521	899
Белореченск	694	2058	4942	7399	2807	4227	2246	2807	7399	4044	2521	899
Ейск	694	2058	4750	7399	2807	4227	2246	2807	7399	4044	2521	899
Кропоткин	694	2058	4930	7399	2807	4227	2246	2807	7399	4044	2521	899
Крымск	694	2058	4890	7399	2807	4227	2246	2807	7399	4044	2521	899
Курганинск	694	2058	4850	7399	2807	4227	2246	2807	7399	4044	2521	899
Лабинск	694	2058	4860	7399	2807	4227	2246	2807	7399	4044	2521	899
Славянск-на-Кубани	694	2058	4930	7399	2807	4227	2246	2807	7399	4044	2521	899
Тимашевск	694	2058	4870	7399	2807	4227	2246	2807	7399	4044	2521	899
Тихорецк	694	2058	4880	7399	2807	4227	2246	2807	7399	4044	2521	899
Краснодар	694	2058	4942	7399	2807	4227	2246	2807	7399	4044	2521	899
Новороссийск	694	2058	4840	7399	2807	4227	2246	2807	7399	4044	2521	899
Прочие города и населенные пункты	694	2058	4942	7399	2807	4227	2246	2807	7399	4044	2521	899
Красноярский край												
Ачинск, Зеленогорск	694	2058	4736	7399	2807	4227	2246	2807	7399	4044	2521	899
Железногорск, Норильск	694	2058	4942	7399	2807	4227	2246	2807	7399	4044	2521	899
Канск, Лесосибирск, Минусинск, Назарово	694	2058	4736	7399	2807	4227	2246	2807	7399	4044	2521	899
Красноярск	694	2058	4500	7399	2807	4227	2246	2807	7399	4044	2521	899
Прочие города и населенные пункты	694	2058	4942	7399	2807	4227	2246	2807	7399	4044	2521	899
Пермский край												
Березники, Краснокамск	694	2058	4942	7399	2807	4227	2246	2807	7399	4044	2521	899
Лысьва, Чайковский	694	2058	4942	7399	2807	4227	2246	2807	7399	4044	2521	899
Пермь	694	2058	3834	7399	2807	4227	2246	2807	7399	4044	2521	899
Соликамск	694	2058	4942	7399	2807	4227	2246	2807	7399	4044	2521	899
Прочие города и населенные пункты	694	2058	4736	7399	2807	4227	2246	2807	7399	4044	2521	899
Приморский край												
Арсеньев, Артем, Находка, Спасск- Дальний, Уссурийск	694	2058	4942	7399	2807	4227	2246	2807	7399	4044	2521	899
Владивосток	694	2058	4942	7399	2807	4227	2246	2807	7399	4044	2521	899
Прочие города и населенные пункты	694	2058	4942	7399	2807	4227	2246	2807	7399	4044	2521	899
Ставропольский край												
Буденновск, Георгиевск, Ессентуки, Минеральные воды, Невинномысск, Пятигорск	694	2058	4942	7399	2807	4227	2246	2807	7399	4044	2521	899
Кисловодск, Михайловск, Ставрополь	694	2058	4942	7399	2807	4227	2246	2807	7399	4044	2521	899
Прочие города и населенные пункты	694	2058	4942	7399	2807	4227	2246	2807	7399	4044	2521	899
Хабаровский край												
Амурск	694	2058	4516	7399	2807	4227	2246	2807	7399	4044	2521	899
Комсомольск-на-Амуре	694	2058	4255	7399	2807	4227	2246	2807	7399	4044	2521	899
Хабаровск	694	2058	4274	7399	2807	4227	2246	2807	7399	4044	2521	899
Прочие города и населенные пункты	694	2058	4833	7399	2807	4227	2246	2807	7399	4044	2521	899
Амурская область												
Белогорск, Свободный	694	2058	4310	7399	2807	4227	2246	2807	7399	4044	2521	899
Благовещенск	694	2058	4793	7399	2807	4227	2246	2807	7399	4044	2521	899
Прочие города и населенные пункты	694	2058	4793	7399	2807	4227	2246	2807	7399	4044	2521	899
Архангельская область												
Архангельск	694	2058	3900	7399	2807	4227	2246	2807	7399	4044	2521	899
Котлас	694	2058	3885	7399	2807	4227	2246	2807	7399	4044	2521	899
Северодвинск	694	2058	3900	7399	2807	4227	2246	2807	7399	4044	2521	899
Прочие города и населенные пункты	694	2058	4385	7399	2807	4227	2246	2807	7399	4044	2521	899
Астраханская область												
Астрахань	694	2058	4408	7399	2807	4227	2246	2807	7399	4044	2521	899
Прочие города и населенные пункты	694	2058	4427	7399	2807	4227	2246	2807	7399	4044	2521	899
Белгородская область												
Белгород	694	2058	4326	7399	2807	4227	2246	2807	7399	4044	2521	899
Губкин, Старый Оскол	694	2058	4736	7399	2807	4227	2246	2807	7399	4044	2521	899
Прочие города и населенные пункты	694	2058	4349	7399	2807	4227	2246	2807	7399	4044	2521	899
Брянская область												
Брянск	694	2058	4118	7399	2807	4227	2246	2807	7399	4044	2521	899
Клинцы	694	2058	4118	7399	2807	4227	2246	2807	7399	4044	2521	899
Прочие города и населенные пункты	694	2058	4736	7399	2807	4227	2246	2807	7399	4044	2521	899
Владимирская область												
Владимир	694	2058	4736	7399	2807	4227	2246	2807	7399	4044	2521	899
Гусь-Хрустальный	694	2058	4408	7399	2807	4227	2246	2807	7399	4044	2521	899
Муром	694	2058	4736	7399	2807	4227	2246	2807	7399	4044	2521	899
Прочие города и населенные пункты	694	2058	4736	7399	2807	4227	2246	2807	7399	4044	2521	899
Волгоградская область												
Волгоград	694	2058	4942	7399	2807	4227	2246	2807	7399	4044	2521	899
Волжский	694	2058	4942	7399	2807	4227	2246	2807	7399	4044	2521	899
Камышин, Михайловка	694	2058	4500	7399	2807	4227	2246	2807	7399	4044	2521	1579
Прочие города и населенные пункты	694	2573	4673	7399	2807	4227	2246	2807	7399	4044	2521	1579
Вологодская область												
Вологда	694	2058	4080	7399	2807	4227	2246	2807	7399	4044	2521	899
Череповец	694	2058	4080	7399	2807	4227	2246	2807	7399	4044	2521	899
Прочие города и населенные пункты	694	2058	3967	7399	2807	4227	2246	2807	7399	4044	2521	899
Воронежская область												
Борисоглебск, Лиски, Россошь	694	2058	4236	7399	2807	4227	2246	2807	7399	4044	2521	899
Воронеж	694	2058	4236	7399	2807	4227	2246	2807	7399	4044	2521	899
Прочие города и населенные пункты	694	2058	4427	7399	2807	4227	2246	2807	7399	4044	2521	899
Ивановская область												
Иваново	694	2058	4942	7399	2807	4227	2246	2807	7399	4044	2521	899
Кинешма	694	2058	4942	7399	2807	4227	2246	2807	7399	4044	2521	899
Шуя	694	2058	4942	7399	2807	4227	2246	2807	7399	4044	2521	899
Прочие города и населенные пункты	694	2058	4942	7399	2807	4227	2246	2807	7399	4044	2521	899
Иркутская область												
Ангарск	694	2058	4900	7399	2807	4227	2246	2807	7399	4044	2521	899
Братск, Тулун, Усть-Илимск, Усть-Кут, Черемхово	694	2058	4900	7399	2807	4227	2246	2807	7399	4044	2521	899
Иркутск	694	2058	4736	7399	2807	4227	2246	2807	7399	4044	2521	899
Усолье-Сибирское	694	2058	4936	7399	2807	4227	2246	2807	7399	4044	2521	899
Шелехов	694	2058	4936	7399	2807	4227	2246	2807	7399	4044	2521	899
Прочие города и населенные пункты	694	2058	4936	7399	2807	4227	2246	2807	7399	4044	2521	899
Калининградская область												
Калининград	694	2058	4326	7399	2807	4227	2246	2807	7399	4044	2521	899
Прочие города и населенные пункты	694	2058	4324	7399	2807	4227	2246	2807	7399	4044	2521	899
Калужская область												
Калуга	694	2058	4427	7399	2807	4227	2246	2807	7399	4044	2521	899
Обнинск	694	2058	4408	7399	2807	4227	2246	2807	7399	4044	2521	899
Прочие города и населенные пункты	694	2058	4427	7399	2807	4227	2246	2807	7399	4044	2521	899
Кемеровская область												
Анжеро-Судженск, Киселевск, Юрга	694	2058	4400	7399	2807	4227	2246	2807	7399	4044	2521	899
Белово, Березовский, Междуреченск, Осинники, Прокопьевск	694	2058	4400	7399	2807	4227	2246	2807	7399	4044	2521	899
Кемерово	694	2058	4118	7399	2807	4227	2246	2807	7399	4044	2521	899
Новокузнецк	694	2058	4350	7399	2807	4227	2246	2807	7399	4044	2521	899
Прочие города и населенные пункты	694	2058	4324	7399	2807	4227	2246	2807	7399	4044	2521	899
Кировская область												
Киров	694	2058	4324	7399	2807	4227	2246	2807	7399	4044	2521	899
Кирово-Чепецк	694	2058	4736	7399	2807	4227	2246	2807	7399	4044	2521	899
Прочие города и населенные пункты	694	2058	4561	7399	2807	4227	2246	2807	7399	4044	2521	899
Костромская область												
Кострома	694	2058	4324	7399	2807	4227	2246	2807	7399	4044	2521	899
Прочие города и населенные пункты	694	2058	4736	7399	2807	4227	2246	2807	7399	4044	2521	899
Курганская область												
Курган	694	2058	4942	7399	2807	4227	2246	2807	7399	4044	2521	899
Шадринск	694	2058	4942	7399	2807	4227	2246	2807	7399	4044	2521	899
Прочие города и населенные пункты	694	2058	4942	7399	2807	4227	2246	2807	7399	4044	2521	899
Курская область												
Железногорск	694	2058	4118	7399	2807	4227	2246	2807	7399	4044	2521	899
Курск	694	2058	4359	7399	2807	4227	2246	2807	7399	4044	2521	899
Прочие города и населенные пункты	694	2058	4736	7399	2807	4227	2246	2807	7399	4044	2521	899
Ленинградская область	694	2058	4300	7399	2807	4227	2246	2807	7399	4044	2521	899
Липецкая область												
Елец	694	2058	4942	7399	2807	4227	2246	2807	7399	4044	2521	899
Липецк	694	2058	4600	7399	2807	4227	2246	2807	7399	4044	2521	899
Прочие города и населенные пункты	694	2058	4942	7399	2807	4227	2246	2807	7399	4044	2521	899
Магаданская область												
Магадан	694	2058	4736	7399	2807	4227	2246	2807	7399	4044	2521	899
Прочие города и населенные пункты	694	2058	4516	7399	2807	4227	2246	2807	7399	4044	2521	899
Московская область	694	2058	4130	7399	2807	4227	2246	2807	7399	4044	2521	899
Мурманская область												
Апатиты, Мончегорск	694	2058	4118	7399	2807	4227	2246	2807	7399	4044	2521	899
Мурманск	694	2058	4118	7399	2807	4227	2246	2807	7399	4044	2521	899
Североморск	694	2058	4118	7399	2807	4227	2246	2807	7399	4044	2521	899
Прочие города и населенные пункты	694	2058	4118	7399	2807	4227	2246	2807	7399	4044	2521	899
Нижегородская область												
Арзамас, Выкса, Саров	694	2058	4942	7399	2807	4227	2246	2807	7399	4044	2521	899
Балахна, Бор, Дзержинск	694	2058	4942	7399	2807	4227	2246	2807	7399	4044	2521	899
Кстово	694	2058	4942	7399	2807	4227	2246	2807	7399	4044	2521	899
Нижний Новгород	694	2058	4500	7399	2807	4227	2246	2807	7399	4044	2521	899
Прочие города и населенные пункты	694	2058	4427	7399	2807	4227	2246	2807	7399	4044	2521	899
Новгородская область												
Боровичи	694	2058	4427	7399	2807	4227	2246	2807	7399	4044	2521	899
Великий Новгород	694	2058	4427	7399	2807	4227	2246	2807	7399	4044	2521	899
Прочие города и населенные пункты	694	2058	4427	7399	2807	4227	2246	2807	7399	4044	2521	899
Новосибирская область												
Бердск	694	2058	4891	7399	2807	4227	2246	2807	7399	4044	2521	899
Искитим	694	2058	4623	7399	2807	4227	2246	2807	7399	4044	2521	899
Куйбышев	694	2058	4937	7399	2807	4227	2246	2807	7399	4044	2521	899
Новосибирск	694	2058	4937	7399	2807	4227	2246	2807	7399	4044	2521	899
Прочие города и населенные пункты	694	2058	4942	7399	2807	4227	2246	2807	7399	4044	2521	899
Омская область												
Омск	694	2058	4118	7399	2807	4227	2246	2807	7399	4044	2521	899
Прочие города и населенные пункты	694	2058	4885	7399	2807	4227	2246	2807	7399	4044	2521	899
Оренбургская область												
Бугуруслан, Бузулук, Новотроицк	694	2058	4510	7399	2807	4227	2246	2807	7399	4044	2521	899
Оренбург	694	2058	4326	7399	2807	4227	2246	2807	7399	4044	2521	899
Орск	694	2058	4511	7399	2807	4227	2246	2807	7399	4044	2521	899
Прочие города и населенные пункты	694	2058	4516	7399	2807	4227	2246	2807	7399	4044	2521	899
Орловская область												
Ливны, Мценск	694	2058	4942	7399	2807	4227	2246	2807	7399	4044	2521	899
Орел	694	2058	4942	7399	2807	4227	2246	2807	7399	4044	2521	899
Прочие города и населенные пункты	694	2058	4942	7399	2807	4227	2246	2807	7399	4044	2521	899
Пензенская область												
Заречный	694	2058	4246	7399	2807	4227	2246	2807	7399	4044	2521	899
Кузнецк	694	2058	4246	7399	2807	4227	2246	2807	7399	4044	2521	899
Пенза	694	2058	4324	7399	2807	4227	2246	2807	7399	4044	2521	899
Прочие города и населенные пункты	694	2058	4736	7399	2807	4227	2246	2807	7399	4044	2521	899
Псковская область												
Великие Луки	694	2058	4255	7399	2807	4227	2246	2807	7399	4044	2521	899
Псков	694	2058	4255	7399	2807	4227	2246	2807	7399	4044	2521	899
Прочие города и населенные пункты	694	2058	4736	7399	2807	4227	2246	2807	7399	4044	2521	899
Ростовская область												
Азов	694	2058	4863	7399	2807	4227	2246	2807	7399	4044	2521	899
Батайск	694	2058	4863	7399	2807	4227	2246	2807	7399	4044	2521	899
Волгодонск, Гуково, Каменск-Шахтинский, Новочеркасск, Новошахтинск, Сальск, Таганрог	694	2058	4500	7399	2807	4227	2246	2807	7399	4044	2521	899
Ростов-на-Дону	694	2058	4500	7399	2807	4227	2246	2807	7399	4044	2521	899
Шахты	694	2058	4863	7399	2807	4227	2246	2807	7399	4044	2521	899
Прочие города и населенные пункты	694	2058	4942	7399	2807	4227	2246	2807	7399	4044	2521	899
Рязанская область												
Рязань	694	2058	4324	7399	2807	4227	2246	2807	7399	4044	2521	899
Прочие города и населенные пункты	694	2058	4202	7399	2807	4227	2246	2807	7399	4044	2521	899
Самарская область												
Новокуйбышевск, Сызрань	694	2058	4465	7399	2807	4227	2246	2807	7399	4044	2521	899
Самара	694	2058	4325	7399	2807	4227	2246	2807	7399	4044	2521	899
Тольятти	694	2058	4542	7399	2807	4227	2246	2807	7399	4044	2521	899
Чапаевск	694	2058	4324	7399	2807	4227	2246	2807	7399	4044	2521	899
Прочие города и населенные пункты	694	2058	4324	7399	2807	4227	2246	2807	7399	4044	2521	899
Саратовская область												
Балаково, Балашов, Вольск	694	2058	4407	7399	2807	4227	2246	2807	7399	4044	2521	899
Саратов	694	2058	3978	7399	2807	4227	2246	2807	7399	4044	2521	899
Энгельс	694	2058	4118	7399	2807	4227	2246	2807	7399	4044	2521	899
Прочие города и населенные пункты	694	2058	4515	7399	2807	4227	2246	2807	7399	4044	2521	899
Сахалинская область												
Южно-Сахалинск	694	2058	4253	7399	2807	4227	2246	2807	7399	4044	2521	899
Прочие города и населенные пункты	694	2058	4324	7399	2807	4227	2246	2807	7399	4044	2521	899
Свердловская область												
Асбест	694	2058	4900	7399	2807	4227	2246	2807	7399	4044	2521	899
Ревда	694	2058	4300	7399	2807	4227	2246	2807	7399	4044	2521	899
Березовский, Верхняя Пышма, Первоуральск	694	2058	4118	7399	2807	4227	2246	2807	7399	4044	2521	899
Новоуральск	694	2058	4118	7399	2807	4227	2246	2807	7399	4044	2521	899
Верхняя Салда	694	2058	4118	7399	2807	4227	2246	2807	7399	4044	2521	899
Полевской	694	2058	4118	7399	2807	4227	2246	2807	7399	4044	2521	899
Екатеринбург	694	2058	4118	7399	2807	4227	2246	2807	7399	4044	2521	899
Прочие города и населенные пункты	694	2058	4118	7399	2807	4227	2246	2807	7399	4044	2521	899
Смоленская область												
Вязьма, Рославль, Сафоново, Ярцево	694	2058	4942	7399	2807	4227	2246	2807	7399	4044	2521	899
Смоленск	694	2058	4736	7399	2807	4227	2246	2807	7399	4044	2521	899
Прочие города и населенные пункты	694	2058	4736	7399	2807	4227	2246	2807	7399	4044	2521	899
Тамбовская область												
Мичуринск	694	2058	4354	7399	2807	4227	2246	2807	7399	4044	2521	899
Тамбов	694	2058	4253	7399	2807	4227	2246	2807	7399	4044	2521	899
Прочие города и населенные пункты	694	2058	4354	7399	2807	4227	2246	2807	7399	4044	2521	899
Тверская область												
Вышний Волочек, Кимры, Ржев	694	2058	4427	7399	2807	4227	2246	2807	7399	4044	2521	899
Тверь	694	2058	4300	7399	2807	4227	2246	2807	7399	4044	2521	899
Прочие города и населенные пункты	694	2058	4300	7399	2807	4227	2246	2807	7399	4044	2521	899
Томская область												
Северск	694	2058	4942	7399	2807	4227	2246	2807	7399	4044	2521	899
Томск	694	2058	4942	7399	2807	4227	2246	2807	7399	4044	2521	899
Прочие города и населенные пункты	694	2058	4942	7399	2807	4227	2246	2807	7399	4044	2521	899
Тульская область												
Алексин, Ефремов, Новомосковск	694	2058	4300	7399	2807	4227	2246	2807	7399	4044	2521	899
Тула	694	2058	3893	7399	2807	4227	2246	2807	7399	4044	2521	899
Узловая, Щекино	694	2058	4324	7399	2807	4227	2246	2807	7399	4044	2521	899
Прочие города и населенные пункты	694	2058	4736	7399	2807	4227	2246	2807	7399	4044	2521	899
Тюменская область												
Тобольск	694	2058	4324	7399	2807	4227	2246	2807	7399	4044	2521	899
Тюмень	694	2058	4118	7399	2807	4227	2246	2807	7399	4044	2521	899
Прочие города и населенные пункты	694	2058	4736	7399	2807	4227	2246	2807	7399	4044	2521	899
Ульяновская область												
Димитровград	694	2058	4942	7399	2807	4227	2246	2807	7399	4044	2521	899
Ульяновск	694	2058	4942	7399	2807	4227	2246	2807	7399	4044	2521	899
Прочие города и населенные пункты	694	2058	4942	7399	2807	4227	2246	2807	7399	4044	2521	899
Челябинская область												
Златоуст, Миасс	694	2058	4942	7399	2807	4227	2246	2807	7399	4044	2521	899
Копейск	694	2058	4736	7399	2807	4227	2246	2807	7399	4044	2521	899
Магнитогорск	694	2058	3891	7399	2807	4227	2246	2807	7399	4044	2521	899
Сатка, Чебаркуль	694	2058	4736	7399	2807	4227	2246	2807	7399	4044	2521	899
Челябинск	694	2058	4324	7399	2807	4227	2246	2807	7399	4044	2521	899
Прочие города и населенные пункты	694	2058	4427	7399	2807	4227	2246	2807	7399	4044	2521	899
Ярославская область												
Ярославль	694	2058	4269	7399	2807	4227	2246	2807	7399	4044	2521	899
Прочие города и населенные пункты	694	2058	4736	7399	2807	4227	2246	2807	7399	4044	2521	899
Москва	694	2058	4118	7399	2807	4227	2246	2807	7399	4044	2521	899
Санкт-Петербург	694	2058	4300	7399	2807	4227	2246	2807	7399	4044	2521	899
Севастополь	694	2058	4942	7399	2807	4227	2246	2807	7399	4044	2521	899
Еврейская автономная область												
Биробиджан	694	2058	4942	7399	2807	4227	2246	2807	7399	4044	2521	899
Прочие города и населенные пункты	694	2058	4942	7399	2807	4227	2246	2807	7399	4044	2521	899
Ненецкий автономный округ	694	2058	4942	7399	2807	4227	2246	2807	7399	4044	2521	899
Ханты-Мансийский автономный округ - Югра												
Когалым	694	2058	4118	7399	2807	4227	2246	2807	7399	4044	2521	899
Нефтеюганск, Нягань	694	2058	4118	7399	2807	4227	2246	2807	7399	4044	2521	899
Сургут	694	2058	4118	7399	2807	4227	2246	2807	7399	4044	2521	899
Нижневартовск	694	2058	4324	7399	2807	4227	2246	2807	7399	4044	2521	899
Ханты-Мансийск	694	2058	4736	7399	2807	4227	2246	2807	7399	4044	2521	899
Прочие города и населенные пункты	694	2058	4118	7399	2807	4227	2246	2807	7399	4044	2521	899
Чукотский автономный округ	694	2058	4942	7399	2807	4227	2246	2807	7399	4044	2521	899
Ямало-Ненецкий автономный округ												
Новый Уренгой	694	2058	4736	7399	2807	4227	2246	2807	7399	4044	2521	899
Ноябрьск	694	2058	4118	7399	2807	4227	2246	2807	7399	4044	2521	899
Прочие города и населенные пункты	694	2058	4400	7399	2807	4227	2246	2807	7399	4044	2521	899
Байконур	694	2058	3912	7399	2807	4227	2246	2807	7399	4044	2521	899