Территория преимущественного использования ТС	Категория «A», «М»	Категория «B», «BE» юр. лиц	Категория «B», «BE» физ. лиц, индивид. Предприним.	Категория «B», «BE» Такси	Категория «C», «CE» менее 16 тонн (включит.)	Категория «C», «CE» более 16 тонн	Категория «D», «DE» до 16 мест (включит.)	Категория «D», «DE» более 16 мест	Категория «D», «DE» Маршрутка	Троллейбусы	Трамваи	Тракторы, самоходные дорожностроительные и иные машины
Временного использования на территории Российской Федерации транспортных средств зарегистрированных в иностранных государствах	1407	2058	2746	7399	2807	4227	2246	2807	7399	4044	2521	1124
Для ТС, следующих к месту регистрации ТС, а также к месту проведения техомотра ТС, повторного техосмотра ТС	1407	2058	2746	7399	2807	4227	2246	2807	7399	4044	2521	1124
Республика Адыгея	1407	2911	4942	7399	5053	7609	4044	5053	7399	4044	2521	1895
Республика Алтай												
Горно-Алтайск	1407	2058	4942	7399	5053	4227	2246	2807	7399	4044	2521	1895
Прочие города и населенные пункты	1407	2058	4400	7399	5053	4227	2246	2807	7399	4044	2521	1895
Республика Башкортостан												
Благовещенск	1407	2058	4700	7399	2807	4227	2246	2807	7399	4044	2521	899
Октябрьский	1407	2058	4700	7399	2807	4227	2246	2807	7399	4044	2521	899
Ишимбай	1407	2058	4700	7399	2807	4227	2246	2807	7399	4044	2521	899
Кумертау	1407	2058	4700	7399	2807	4227	2246	2807	7399	4044	2521	899
Салават	1407	2058	4700	7399	2807	4227	2246	2807	7399	4044	2521	899
Стерлитамак	1407	2058	4700	7399	2807	4227	2246	2807	7399	4044	2521	899
Туймазы	1407	2058	4700	7399	2807	4227	2246	2807	7399	4044	2521	899
Уфа	1407	2058	4400	7399	2807	4227	2246	2807	7399	4044	2521	899
Прочие города и населенные пункты	1407	2058	4400	7399	2807	4227	2246	2807	7399	4044	2521	899
Республика Бурятия												
Улан-Удэ	1407	2911	4942	7399	5053	7609	2246	5053	7399	4044	2521	1895
Прочие города и населенные пункты	1407	2911	4942	7399	5053	7609	2246	5053	7399	4044	2521	1895
Республика Дагестан												
Буйнакск	1407	2911	4942	7399	5053	7609	4044	5053	7399	4044	2521	1895
Дербент	1407	2911	4942	7399	5053	7609	4044	5053	7399	4044	2521	1895
Каспийск	1407	2911	4942	7399	5053	7609	4044	5053	7399	4044	2521	1895
Махачкала	1407	2911	4942	7399	5053	7609	4044	5053	7399	4044	2521	1895
Хасавюрт	1407	2911	4942	7399	5053	7609	4044	5053	7399	4044	2521	1895
Прочие города и населенные пункты	1407	2911	4942	7399	5053	7609	4044	5053	7399	4044	2521	1895
Республика Ингушетия												
Малгобек	1407	2058	4942	7399	5053	7609	4044	5053	7399	4044	2521	899
Назрань	1407	2058	4942	7399	5053	7609	4044	5053	7399	4044	2521	899
Прочие города и населенные пункты	1407	2058	4942	7399	5053	7609	4044	5053	7399	4044	2521	899
Кабардино-Балкарская Республика												
Нальчик	1407	2058	4942	7399	5053	7609	4044	5053	7399	4044	2521	899
Прохладный	1407	2058	4942	7399	5053	7609	4044	5053	7399	4044	2521	899
Прочие города и населенные пункты	1407	2058	4942	7399	5053	7609	4044	5053	7399	4044	2521	899
Республика Калмыкия												
Элиста	1407	2911	4942	7399	5053	7609	4044	5053	7399	4044	2521	1895
Прочие города и населенные пункты	1407	2911	4942	7399	5053	7609	4044	5053	7399	4044	2521	1895
Карачаево-Черкесская Республика	1407	2058	4942	7399	5053	7609	4044	5053	7399	4044	2521	899
Республика Карелия												
Петрозаводск	1407	2058	4118	7399	2807	4227	2246	2807	7399	4044	2521	899
Прочие города и населенные пункты	1407	2058	4118	7399	2807	4227	2246	2807	7399	4044	2521	899
Республика Коми												
Сыктывкар	1407	2058	3706	7399	2807	4227	2246	2807	7399	4044	2521	899
Ухта	1407	2058	3706	7399	2807	4227	2246	2807	7399	4044	2521	899
Прочие города и населенные пункты	1407	2058	3706	7399	2807	4227	2246	2807	7399	4044	2521	899
Республика Крым												
Симферополь	1407	2911	4942	7399	5053	7609	4044	5053	7399	4044	2521	1895
Прочие города и населенные пункты	1407	2911	4942	7399	5053	7609	4044	5053	7399	4044	2521	1895
Республика Марий Эл												
Волжск	1407	2058	4942	7399	5053	7609	4044	5053	7399	4044	2521	1895
Йошкар-Ола	1407	2058	4942	7399	5053	7609	4044	5053	7399	4044	2521	1895
Прочие города и населенные пункты	1407	2058	4942	7399	5053	7609	4044	5053	7399	4044	2521	1895
Республика Мордовия												
Рузаевка	1407	2058	4700	7399	2807	4227	2246	2807	7399	4044	2521	899
Саранск	1407	2058	4118	7399	2807	4227	2246	2807	7399	4044	2521	899
Прочие города и населенные пункты	1407	2058	4118	7399	2807	4227	2246	2807	7399	4044	2521	899
Республика Саха (Якутия)												
Нерюнгри	1407	2058	4118	7399	2807	4227	2246	2807	7399	4044	2521	899
Якутск	1407	2058	4118	7399	2807	4227	2246	2807	7399	4044	2521	899
Прочие города и населенные пункты	1407	2058	4118	7399	2807	4227	2246	2807	7399	4044	2521	899
Республика Северная Осетия - Алания												
Владикавказ	1407	2058	4942	7399	2807	4227	2246	2807	7399	4044	2521	899
Прочие города и населенные пункты	1407	2058	4942	7399	2807	4227	2246	2807	7399	4044	2521	899
Республика Татарстан												
Альметьевск	1407	2058	4118	7399	2807	4227	2246	2807	7399	4044	2521	899
Зеленодольск	1407	2058	4118	7399	2807	4227	2246	2807	7399	4044	2521	899
Нижнекамск	1407	2058	4118	7399	2807	4227	2246	2807	7399	4044	2521	899
Бугульма	1407	2058	4118	7399	2807	4227	2246	2807	7399	4044	2521	899
Лениногорск	1407	2058	4118	7399	2807	4227	2246	2807	7399	4044	2521	899
Чистополь	1407	2058	4118	7399	2807	4227	2246	2807	7399	4044	2521	899
Елабуга	1407	2058	4118	7399	2807	4227	2246	2807	7399	4044	2521	899
Казань	1407	2058	4118	7399	2807	4227	2246	2807	7399	4044	2521	899
Набережные Челны	1407	2058	3706	7399	5053	5284	2246	2807	7399	4044	2521	899
Прочие города и населенные пункты	1407	2058	4118	7399	2807	4227	2246	2807	7399	4044	2521	899
Республика Тыва												
Кызыл	1407	2911	4942	7399	5053	7609	4044	5053	7399	4044	2521	1895
Прочие города и населенные пункты	1407	2911	4942	7399	5053	7609	4044	5053	7399	4044	2521	1895
Удмуртская Республика												
Воткинск	1407	2058	4700	7399	2807	4227	2246	2807	7399	4044	2521	899
Глазов	1407	2058	4700	7399	2807	4227	2246	2807	7399	4044	2521	899
Сарапул	1407	2058	4700	7399	2807	4227	2246	2807	7399	4044	2521	899
Ижевск	1407	2058	4700	7399	2807	4227	2246	2807	7399	4044	2521	899
Прочие города и населенные пункты	1407	2058	4700	7399	2807	4227	2246	2807	7399	4044	2521	899
Республика Хакасия												
Абакан	1407	2058	4942	7399	2807	4227	2246	2807	7399	4044	2521	899
Саяногорск	1407	2058	4942	7399	2807	4227	2246	2807	7399	4044	2521	899
Черногорск	1407	2058	4942	7399	2807	4227	2246	2807	7399	4044	2521	899
Прочие города и населенные пункты	1407	2058	4942	7399	2807	4227	2246	2807	7399	4044	2521	899
Чеченская Республика	1407	2911	4942	7399	5053	7609	4044	5053	7399	4044	2521	1895
Чувашская Республика												
Канаш	1407	2058	4118	7399	2807	4227	4044	5053	7399	4044	2521	1895
Новочебоксарск	1407	2058	4118	7399	2807	4227	4044	5053	7399	4044	2521	1895
Чебоксары	1407	2058	4118	7399	2807	4227	4044	5053	7399	4044	2521	1895
Прочие города и населенные пункты	1407	2058	4118	7399	2807	4227	4044	5053	7399	4044	2521	1895
Алтайский край												
Барнаул	1407	2058	4400	7399	5053	4227	2246	2807	7399	4044	2521	1895
Бийск	1407	2058	4703	7399	5053	4227	2246	2807	7399	4044	2521	1895
Заринск	1407	2058	4703	7399	5053	4227	2246	2807	7399	4044	2521	1895
Новоалтайск	1407	2058	4703	7399	5053	4227	2246	2807	7399	4044	2521	1895
Рубцовск	1407	2058	4703	7399	5053	4227	2246	2807	7399	4044	2521	1895
Прочие города и населенные пункты	1407	2058	4400	7399	5053	4227	2246	2807	7399	4044	2521	1895
Забайкальский край												
Краснокаменск	1407	2058	4942	7399	2807	4227	2246	2807	7399	4044	2521	899
Чита	1407	2058	4942	7399	2807	4227	2246	2807	7399	4044	2521	899
Прочие города и населенные пункты	1407	2058	4118	7399	2807	4227	2246	2807	7399	4044	2521	899
Камчатский край												
Петропавловск-Камчатский	1407	2911	4942	7399	5053	7609	4044	5053	7399	4044	2521	1895
Прочие города и населенные пункты	1407	2911	4942	7399	5053	7609	4044	5053	7399	4044	2521	1895
Краснодарский край												
Анапа	1407	2058	4942	7399	3509	5284	4044	5053	7399	4044	2521	899
Геленджик	1407	2058	4942	7399	3509	5284	4044	5053	7399	4044	2521	899
Армавир	1407	2058	4942	7399	3509	5284	4044	5053	7399	4044	2521	899
Сочи	1407	2058	4942	7399	3509	5284	4044	5053	7399	4044	2521	899
Туапсе	1407	2058	4942	7399	3509	5284	4044	5053	7399	4044	2521	899
Белореченск	1407	2058	4942	7399	3509	5284	4044	5053	7399	4044	2521	899
Ейск	1407	2058	4942	7399	3509	5284	4044	5053	7399	4044	2521	899
Кропоткин	1407	2058	4942	7399	3509	5284	4044	5053	7399	4044	2521	899
Крымск	1407	2058	4942	7399	3509	5284	4044	5053	7399	4044	2521	899
Кургаминск	1407	2058	4942	7399	3509	5284	4044	5053	7399	4044	2521	899
Лабинск	1407	2058	4942	7399	3509	5284	4044	5053	7399	4044	2521	899
Славянск-на-Кубани	1407	2058	4942	7399	3509	5284	4044	5053	7399	4044	2521	899
Тимашевск	1407	2058	4942	7399	3509	5284	4044	5053	7399	4044	2521	899
Тихорецк	1407	2058	4942	7399	3509	5284	4044	5053	7399	4044	2521	899
Краснодар	1407	2058	4942	7399	3509	5284	4044	5053	7399	4044	2521	899
Новороссийск	1407	2058	4942	7399	3509	5284	4044	5053	7399	4044	2521	899
Прочие города и населенные пункты	1407	2058	4942	7399	3509	5284	4044	5053	7399	4044	2521	899
Красноярский край												
Ачинск	1407	2058	4942	7399	2807	4227	2246	2807	7399	4044	2521	899
Зеленогорск	1407	2058	4942	7399	2807	4227	2246	2807	7399	4044	2521	899
Железногорск	1407	2058	4942	7399	2807	4227	2246	2807	7399	4044	2521	899
Норильск	1407	2058	4942	7399	2807	4227	2246	2807	7399	4044	2521	899
Канск	1407	2058	4942	7399	2807	4227	2246	2807	7399	4044	2521	899
Лесосибирск	1407	2058	4942	7399	2807	4227	2246	2807	7399	4044	2521	899
Минусинск	1407	2058	4942	7399	2807	4227	2246	2807	7399	4044	2521	899
Назарово	1407	2058	4942	7399	2807	4227	2246	2807	7399	4044	2521	899
Красноярск	1407	2058	4350	7399	2807	4227	2246	2807	7399	4044	2521	899
Прочие города и населенные пункты	1407	2058	4942	7399	2807	4227	2246	2807	7399	4044	2521	899
Пермский край												
Березники	1407	2058	3700	7399	2807	4227	2246	2807	7399	4044	2521	899
Краснокамск	1407	2058	3700	7399	2807	4227	2246	2807	7399	4044	2521	899
Лысьва	1407	2058	4118	7399	2807	4227	2246	2807	7399	4044	2521	899
Чайковский	1407	2058	4118	7399	2807	4227	2246	2807	7399	4044	2521	899
Пермь	1407	2058	3700	7399	2807	4227	2246	2807	7399	4044	2521	899
Соликамск	1407	2058	3700	7399	2807	4227	2246	2807	7399	4044	2521	899
Прочие города и населенные пункты	1407	2058	3700	7399	2807	4227	2246	2807	7399	4044	2521	899
Приморский край												
Арсеньев	1407	2911	4942	7399	5053	7609	4044	5053	7399	4044	2521	1895
Артем	1407	2911	4942	7399	5053	7609	4044	5053	7399	4044	2521	1895
Находка	1407	2911	4942	7399	5053	7609	4044	5053	7399	4044	2521	1895
Спасск-Дальний	1407	2911	4942	7399	5053	7609	4044	5053	7399	4044	2521	1895
Уссурийск	1407	2911	4942	7399	5053	7609	4044	5053	7399	4044	2521	1895
Владивосток	1407	2911	4942	7399	5053	7609	4044	5053	7399	4044	2521	1895
Прочие города и населенные пункты	1407	2911	4942	7399	5053	7609	4044	5053	7399	4044	2521	1895
Ставропольский край												
Буденновск	1407	2058	4942	7399	5053	7609	4044	5053	7399	4044	2521	899
Георгиевск	1407	2058	4942	7399	5053	7609	4044	5053	7399	4044	2521	899
Ессентуки	1407	2058	4942	7399	5053	7609	4044	5053	7399	4044	2521	899
Минеральные Воды	1407	2058	4942	7399	5053	7609	4044	5053	7399	4044	2521	899
Незинномысск	1407	2058	4942	7399	5053	7609	4044	5053	7399	4044	2521	899
Пятигорск	1407	2058	4942	7399	5053	7609	4044	5053	7399	4044	2521	899
Кисловодск	1407	2058	4503	7399	5053	7609	4044	5053	7399	4044	2521	899
Михайловск	1407	2058	4503	7399	5053	7609	4044	5053	7399	4044	2521	899
Ставрополь	1407	2058	4503	7399	5053	7609	4044	5053	7399	4044	2521	899
Прочие города и населенные пункты	1407	2058	4118	7399	2807	4227	2246	2807	7399	4044	2521	899
Хабаровский край												
Амурск	1407	2058	4942	7399	2807	4227	2246	2807	7399	4044	2521	899
Комсомольск-на-Амуре	1407	2058	4942	7399	2807	4227	2246	2807	7399	4044	2521	899
Хабаровск	1407	2058	4300	7399	2807	4227	2246	2807	7399	4044	2521	899
Прочие города и населенные пункты	1407	2058	4942	7399	2807	4227	2246	2807	7399	4044	2521	899
Амурская область												
Белогорск	1407	2058	4942	7399	2807	4227	2246	2807	7399	4044	2521	899
Свободный	1407	2058	4942	7399	2807	4227	2246	2807	7399	4044	2521	899
Благовещенск	1407	2058	4942	7399	2807	4227	2246	2807	7399	4044	2521	899
Прочие города и населенные пункты	1407	2058	4942	7399	2807	4227	2246	2807	7399	4044	2521	899
Архангельская область												
Архангельск	1407	2058	4118	7399	2807	4227	2246	2807	7399	4044	2521	899
Котлас	1407	2058	4118	7399	2807	4227	2246	2807	7399	4044	2521	899
Северодвинск	1407	2058	4118	7399	2807	4227	2246	2807	7399	4044	2521	899
Прочие города и населенные пункты	1407	2058	4118	7399	2807	4227	2246	2807	7399	4044	2521	899
Астраханская область												
Астрахань	1407	2058	4118	7399	2807	4227	2246	2807	7399	4044	2521	899
Прочие города и населенные пункты	1407	2058	4118	7399	2807	4227	2246	2807	7399	4044	2521	899
Белгородская область												
Белгород	1407	2058	4942	7399	5053	7609	4044	5053	7399	4044	2521	899
Губкин	1407	2058	4400	7399	5053	7609	4044	5053	7399	4044	2521	899
Старый Оскол	1407	2058	4400	7399	5053	7609	4044	5053	7399	4044	2521	899
Прочие города и населенные пункты	1407	2058	4400	7399	5053	7609	4044	5053	7399	4044	2521	899
Брянская область												
Брянск	1407	2058	4668	7399	2807	4227	2246	2807	7399	4044	2521	899
Клинцы	1407	2058	4668	7399	2807	4227	2246	2807	7399	4044	2521	899
Прочие города и населенные пункты	1407	2058	4668	7399	2807	4227	2246	2807	7399	4044	2521	899
Владимирская область												
Владимир	1407	2058	4118	7399	3509	5284	2808	3509	7399	4044	2521	1124
Гусь-Хрустальный	1407	2058	4118	7399	2807	4227	2808	3509	7399	4044	2521	1124
Муром	1407	2058	4118	7399	3509	5284	2808	3509	7399	4044	2521	1124
Прочие города и населенные пункты	1407	2573	4118	7399	3509	5284	2808	3509	7399	4044	2521	1124
Волгоградская область												
Волгоград	1407	2058	4530	7399	2807	4227	2246	2807	7399	4044	2521	899
Волжский	1407	2058	4530	7399	2807	4227	2246	2807	7399	4044	2521	899
Камышин	1407	2058	4118	7399	2807	4227	2246	2807	7399	4044	2521	899
Михайловка	1407	2058	4118	7399	2807	4227	2246	2807	7399	4044	2521	899
Прочие города и населенные пункты	1407	2058	4300	7399	2807	4227	2246	2807	7399	4044	2521	899
Вологодская область												
Вологда	1407	2058	4118	7399	2807	4227	2246	2807	7399	4044	2521	899
Череповец	1407	2058	4118	7399	2807	4227	2246	2807	7399	4044	2521	899
Прочие города и населенные пункты	1407	2058	4300	7399	2807	4227	2246	2807	7399	4044	2521	899
Воронежская область												
Борисоглебск	1407	2058	4118	7399	5053	7609	4044	5053	7399	4044	2521	899
Лиски	1407	2058	4118	7399	5053	7609	4044	5053	7399	4044	2521	899
Россошь	1407	2058	4118	7399	5053	7609	4044	5053	7399	4044	2521	899
Воронеж	1407	2058	4118	7399	5053	7609	4044	5053	7399	4044	2521	899
Прочие города и населенные пункты	1407	2058	4118	7399	5053	7609	4044	5053	7399	4044	2521	899
Ивановская область												
Иваново	1407	2058	4942	7399	2807	4227	2246	2807	7399	4044	2521	899
Кинешма	1407	2058	4942	7399	2807	4227	2246	2807	7399	4044	2521	899
Шуя	1407	2058	4942	7399	2807	4227	2246	2807	7399	4044	2521	899
Прочие города и населенные пункты	1407	2058	4942	7399	2807	4227	2246	2807	7399	4044	2521	899
Иркутская область												
Ангарск	1407	2058	4942	7399	2807	4227	2246	2807	7399	4044	2521	899
Братск	1407	2058	4942	7399	2807	4227	2246	2807	7399	4044	2521	899
Тулун	1407	2058	4942	7399	2807	4227	2246	2807	7399	4044	2521	899
Усть-Илимск	1407	2058	4942	7399	2807	4227	2246	2807	7399	4044	2521	899
Усть-Кут	1407	2058	4942	7399	2807	4227	2246	2807	7399	4044	2521	899
Черемхово	1407	2058	4942	7399	2807	4227	2246	2807	7399	4044	2521	899
Иркутск	1407	2058	4942	7399	2807	4227	2246	2807	7399	4044	2521	899
Усолье-Сибирское	1407	2058	4942	7399	2807	4227	2246	2807	7399	4044	2521	899
Шелехов	1407	2058	4942	7399	2807	4227	2246	2807	7399	4044	2521	899
Прочие города и населенные пункты	1407	2058	4118	7399	2807	4227	2246	2807	7399	4044	2521	899
Калининградская область												
Калининград	1407	2058	4300	7399	2807	4227	2246	2807	7399	4044	2521	899
Прочие города и населенные пункты	1407	2058	4118	7399	2807	4227	2246	2807	7399	4044	2521	899
Калужская область												
Калуга	1407	2058	4118	7399	2807	4227	2246	2807	7399	4044	2521	899
Обнинск	1407	2058	4118	7399	2807	4227	2246	2807	7399	4044	2521	899
Прочие города и населенные пункты	1407	2058	4118	7399	2807	4227	2246	2807	7399	4044	2521	899
Кемеровская область												
Анжеро-Судженск	1407	2058	4400	7399	2807	4227	2246	2807	7399	4044	2521	899
Киселевск	1407	2058	4400	7399	2807	4227	2246	2807	7399	4044	2521	899
Юрга	1407	2058	4400	7399	2807	4227	2246	2807	7399	4044	2521	899
Белово	1407	2058	4400	7399	2807	4227	2246	2807	7399	4044	2521	899
Березовский	1407	2058	4400	7399	2807	4227	2246	2807	7399	4044	2521	899
Междуреченск	1407	2058	4400	7399	2807	4227	2246	2807	7399	4044	2521	899
Осинники	1407	2058	4400	7399	2807	4227	2246	2807	7399	4044	2521	899
Прокопьевск	1407	2058	4400	7399	2807	4227	2246	2807	7399	4044	2521	899
Кемерово	1407	2058	4118	7399	2807	4227	2246	2807	7399	4044	2521	899
Новокузнецк	1407	2058	4400	7399	2807	4227	2246	2807	7399	4044	2521	899
Прочие города и населенные пункты	1407	2058	4400	7399	2807	4227	2246	2807	7399	4044	2521	899
Кировская область												
Киров	1407	2058	4300	7399	2807	4227	2246	2807	7399	4044	2521	899
Кирово-Чепецк	1407	2058	4600	7399	2807	4227	2246	2807	7399	4044	2521	899
Прочие города и населенные пункты	1407	2058	4400	7399	2807	4227	2246	2807	7399	4044	2521	899
Костромская область												
Кострома	1407	2058	4118	7399	2807	4227	2246	2807	7399	4044	2521	899
Прочие города и населенные пункты	1407	2058	4300	7399	2807	4227	2246	2807	7399	4044	2521	899
Курганская область												
Курган	1407	2058	4300	7399	2807	4227	2246	2807	7399	4044	2521	899
Шадринск	1407	2058	4300	7399	2807	4227	2246	2807	7399	4044	2521	899
Прочие города и населенные пункты	1407	2058	4942	7399	2807	4227	2246	2807	7399	4044	2521	899
Курская область												
Железногорск	1407	2058	4118	7399	2807	4227	2246	2807	7399	4044	2521	899
Курск	1407	2058	4118	7399	2807	4227	2246	2807	7399	4044	2521	899
Прочие города и населенные пункты	1407	2058	4500	7399	2807	4227	2246	2807	7399	4044	2521	899
Ленинградская область	1407	2058	4300	7399	2807	4227	2246	2807	7399	4044	2521	899
Липецкая область												
Елец	1407	2058	4400	7399	5053	7609	4044	5053	7399	4044	2521	899
Липецк	1407	2058	4942	7399	5053	7609	4044	5053	7399	4044	2521	899
Прочие города и населенные пункты	1407	2058	4400	7399	5053	7609	4044	5053	7399	4044	2521	899
Магаданская область												
Магадан	1407	2058	4942	7399	2807	4227	2246	2807	7399	4044	2521	899
Прочие города и населенные пункты	1407	2058	4942	7399	2807	4227	2246	2807	7399	4044	2521	899
Московская область	1407	2058	4118	7399	2807	4227	2246	2807	7399	4044	2521	899
Мурманская область												
Апатиты	1407	2058	4118	7399	2807	4227	2246	2807	7399	4044	2521	899
Мончегорск	1407	2058	4118	7399	2807	4227	2246	2807	7399	4044	2521	899
Мурманск	1407	2058	4118	7399	2807	4227	2246	2807	7399	4044	2521	899
Североморск	1407	2058	4118	7399	2807	4227	2246	2807	7399	4044	2521	899
Прочие города и населенные пункты	1407	2058	4118	7399	2807	4227	2246	2807	7399	4044	2521	899
Нижегородская область												
Арзамас	1407	2058	4942	7399	5053	7609	4044	2807	7399	4044	2521	1895
Выкса	1407	2058	4942	7399	5053	7609	4044	2807	7399	4044	2521	1895
Саров	1407	2058	4942	7399	5053	7609	4044	2807	7399	4044	2521	1895
Балахна	1407	2058	4942	7399	5053	7609	4044	2807	7399	4044	2521	1895
Бор	1407	2058	4942	7399	5053	7609	4044	2807	7399	4044	2521	1895
Дзержинск	1407	2058	4942	7399	5053	7609	4044	2807	7399	4044	2521	1895
Кстово	1407	2058	4942	7399	5053	7609	4044	2807	7399	4044	2521	1895
Нижний Новгород	1407	2058	4300	7399	5053	7609	4044	2807	7399	4044	2521	1895
Прочие города и населенные пункты	1407	2058	4118	7399	5053	7609	4044	2807	7399	4044	2521	1895
Новгородская область												
Боровичи	1407	2058	4118	7399	2807	4227	2246	2807	7399	4044	2521	899
Великий Новгород	1407	2058	4118	7399	2807	4227	2246	2807	7399	4044	2521	899
Прочие города и населенные пункты	1407	2058	4118	7399	2807	4227	2246	2807	7399	4044	2521	899
Новосибирская область												
Бердск	1407	2058	4700	7399	5053	4227	2246	2807	7399	4044	2521	1895
Искитим	1407	2058	4400	7399	5053	4227	2246	2807	7399	4044	2521	1895
Куйбышев	1407	2058	4942	7399	5053	4227	2246	2807	7399	4044	2521	1895
Новосибирск	1407	2058	4700	7399	5053	4227	2246	2807	7399	4044	2521	1895
Прочие    города    и населенные пункты	1407	2058	4942	7399	5053	4227	2246	2807	7399	4044	2521	1895
Омская область												
Омск	1407	2058	4118	7399	2807	4227	2246	2807	7399	4044	2521	899
Прочие    города    и населенные пункты	1407	2058	4118	7399	2807	4227	2246	2807	7399	4044	2521	899
Оренбургская область												
Бугуруслан	1407	2058	4300	7399	2807	4227	2246	2807	7399	4044	2521	899
Бузулук	1407	2058	4300	7399	2807	4227	2246	2807	7399	4044	2521	899
Новотроицк	1407	2058	4300	7399	2807	4227	2246	2807	7399	4044	2521	899
Оренбург	1407	2058	4300	7399	2807	4227	2246	2807	7399	4044	2521	899
Орск	1407	2058	4300	7399	2807	4227	2246	2807	7399	4044	2521	899
Прочие    города    и населенные пункты	1407	2058	4300	7399	2807	4227	2246	2807	7399	4044	2521	899
Орловская область												
Ливны	1407	2058	4118	7399	2807	4227	2246	2807	7399	4044	2521	899
Мценск	1407	2058	4118	7399	2807	4227	2246	2807	7399	4044	2521	899
Орел	1407	2058	4118	7399	2807	4227	2246	2807	7399	4044	2521	899
Прочие    города    и населенные пункты	1407	2058	4118	7399	2807	4227	2246	2807	7399	4044	2521	899
Пензенская область												
Заречный	1407	2058	4118	7399	2807	4227	2246	2807	7399	4044	2521	899
Кузнецк	1407	2058	4118	7399	2807	4227	2246	2807	7399	4044	2521	899
Пенза	1407	2058	4118	7399	2807	4227	2246	2807	7399	4044	2521	899
Прочие    города    и населенные пункты	1407	2058	4300	7399	2807	4227	2246	2807	7399	4044	2521	899
Псковская область												
Великие Луки	1407	2058	4942	7399	2807	4227	2246	2807	7399	4044	2521	899
Псков	1407	2058	4942	7399	2807	4227	2246	2807	7399	4044	2521	899
Прочие    города    и населенные пункты	1407	2058	4942	7399	2807	4227	2246	2807	7399	4044	2521	899
Ростовская область												
Азов	1407	2573	4942	7399	4000	6000	4044	5053	7399	4044	2521	1124
Батайск	1407	2573	4942	7399	4000	6000	4044	5053	7399	4044	2521	1124
Волгодонск	1407	2573	4118	7399	4000	6000	4044	5053	7399	4044	2521	1124
Гуково	1407	2573	4118	7399	4000	6000	4044	5053	7399	4044	2521	1124
Каменск-Шахтинский	1407	2573	4118	7399	4000	6000	4044	5053	7399	4044	2521	1124
Новочеркасск	1407	2573	4118	7399	4000	6000	4044	5053	7399	4044	2521	1124
Новошахтинск	1407	2573	4118	7399	4000	6000	4044	5053	7399	4044	2521	1124
Сальск	1407	2573	4118	7399	4000	6000	4044	5053	7399	4044	2521	1124
Таганрог	1407	2573	4118	7399	4000	6000	4044	5053	7399	4044	2521	1124
Ростов-на-Дону	1407	2573	4118	7399	4000	6000	4044	5053	7399	4044	2521	1124
Шахты	1407	2573	4118	7399	4000	6000	4044	5053	7399	4044	2521	1124
Прочие    города    и населенные пункты	1407	2573	3600	7399	4000	6000	4044	5053	7399	4044	2521	1124
Рязанская область												
Рязань	1407	2058	4118	7399	2807	4227	2246	2807	7399	4044	2521	899
Прочие города и населенные пункты	1407	2058	4118	7399	2807	4227	2246	2807	7399	4044	2521	899
Самарская область												
Новокуйбышевск	1407	2058	4118	7399	2807	4227	2246	2807	7399	4044	2521	899
Сызрань	1407	2058	4118	7399	2807	4227	2246	2807	7399	4044	2521	899
Самара	1407	2058	4118	7399	2807	4227	2246	2807	7399	4044	2521	899
Тольятти	1407	2058	4942	7399	2807	4227	2246	2807	7399	4044	2521	899
Чапаевск	1407	2058	4118	7399	2807	4227	2246	2807	7399	4044	2521	899
Прочие города и населенные пункты	1407	2058	4118	7399	2807	4227	2246	2807	7399	4044	2521	899
Саратовская область												
Балаково	1407	2058	4118	7399	2807	4227	2246	2807	7399	4044	2521	899
Балашов	1407	2058	4118	7399	2807	4227	2246	2807	7399	4044	2521	899
Вольск	1407	2058	4118	7399	2807	4227	2246	2807	7399	4044	2521	899
Саратов	1407	2058	3700	7399	2807	4227	2246	2807	7399	4044	2521	899
Энгельс	1407	2058	4118	7399	2807	4227	2246	2807	7399	4044	2521	899
Прочие города и населенные пункты	1407	2058	4118	7399	2807	4227	2246	2807	7399	4044	2521	899
Сахалинская область												
Южно-Сахалинск	1407	2058	4118	7399	2807	4227	2246	2807	7399	4044	2521	899
Прочие города и населенные пункты	1407	2058	4118	7399	2807	4227	2246	2807	7399	4044	2521	899
Свердловская область												
Асбест	1407	2058	4942	7399	2807	4227	2246	2807	7399	4044	2521	899
Ревда	1407	2058	4942	7399	2807	4227	2246	2807	7399	4044	2521	899
Березовский	1407	2058	4942	7399	2807	4227	2246	2807	7399	4044	2521	899
Верхняя Пышма	1407	2058	4942	7399	2807	4227	2246	2807	7399	4044	2521	899
Новоуральск	1407	2058	4942	7399	2807	4227	2246	2807	7399	4044	2521	899
Первоуральск	1407	2058	4942	7399	2807	4227	2246	2807	7399	4044	2521	899
Верхняя Салда	1407	2058	4942	7399	2807	4227	2246	2807	7399	4044	2521	899
Полевской	1407	2058	4942	7399	2807	4227	2246	2807	7399	4044	2521	899
Екатеринбург	1407	2058	4118	7399	2807	4227	2246	2807	7399	4044	2521	899
Прочие города и населенные пункты	1407	2058	4942	7399	2807	4227	2246	2807	7399	4044	2521	899
Смоленская область												
Вязьма	1407	2058	4118	7399	2807	4227	2246	2807	7399	4044	2521	899
Рославль	1407	2058	4118	7399	2807	4227	2246	2807	7399	4044	2521	899
Сафоново	1407	2058	4118	7399	2807	4227	2246	2807	7399	4044	2521	899
Ярцево	1407	2058	4118	7399	2807	4227	2246	2807	7399	4044	2521	899
Смоленск	1407	2058	4118	7399	2807	4227	2246	2807	7399	4044	2521	899
Прочие города и населенные пункты	1407	2058	4500	7399	2807	4227	2246	2807	7399	4044	2521	899
Тамбовская область												
Мичуринск	1407	2058	4118	7399	2807	4227	2246	2807	7399	4044	2521	899
Тамбов	1407	2058	4300	7399	2807	4227	2246	2807	7399	4044	2521	899
Прочие города и населенные пункты	1407	2058	4300	7399	2807	4227	2246	2807	7399	4044	2521	899
Тверская область												
Вышний Волочек	1407	2058	4118	7399	2807	4227	2246	2807	7399	4044	2521	899
Кимры	1407	2058	4118	7399	2807	4227	2246	2807	7399	4044	2521	899
Ржев	1407	2058	4118	7399	2807	4227	2246	2807	7399	4044	2521	899
Тверь	1407	2058	4300	7399	2807	4227	2246	2807	7399	4044	2521	899
Прочие города и населенные пункты	1407	2058	4300	7399	2807	4227	2246	2807	7399	4044	2521	899
Томская область												
Северск	1407	2058	4118	7399	2807	4227	2246	2807	7399	4044	2521	899
Томск	1407	2058	4118	7399	2807	4227	2246	2807	7399	4044	2521	899
Прочие города и населенные пункты	1407	2058	4118	7399	2807	4227	2246	2807	7399	4044	2521	899
Тульская область												
Алексин	1407	2058	4118	7399	2807	4227	2246	2807	7399	4044	2521	899
Ефремов	1407	2058	4118	7399	2807	4227	2246	2807	7399	4044	2521	899
Новомосковск	1407	2058	4118	7399	2807	4227	2246	2807	7399	4044	2521	899
Тула	1407	2058	4118	7399	2807	4227	2246	2807	7399	4044	2521	899
Узловая	1407	2058	4118	7399	2807	4227	2246	2807	7399	4044	2521	899
Щекино	1407	2058	4118	7399	2807	4227	2246	2807	7399	4044	2521	899
Прочие города и населенные пункты	1407	2058	4118	7399	2807	4227	2246	2807	7399	4044	2521	899
Тюменская область												
Тобольск	1407	2058	4118	7399	2807	4227	2246	2807	6166	4044	2521	899
Тюмень	1407	2058	4118	7399	2807	4227	2246	2807	6166	4044	2521	899
Прочие города и населенные пункты	1407	2058	4736	7399	2807	4227	2246	2807	6166	4044	2521	899
Ульяновская область												
Димитровград	1407	2058	4392	7399	2807	4227	2246	2807	7399	4044	2521	899
Ульяновск	1407	2058	4392	7399	2807	4227	2246	2807	7399	4044	2521	899
Прочие города и населенные пункты	1407	2058	4392	7399	2807	4227	2246	2807	7399	4044	2521	899
Челябинская область												
Златоуст	694	2058	4450	7399	2807	4227	2246	2807	7399	4044	2521	899
Миасс	694	2058	4450	7399	2807	4227	2246	2807	7399	4044	2521	899
Копейск	694	2058	4450	7399	2807	4227	2246	2807	7399	4044	2521	899
Магнитогорск	694	2058	3854	7399	2807	4227	2246	2807	7399	4044	2521	899
Сатка	694	2058	4118	7399	2807	4227	2246	2807	7399	4044	2521	899
Чебаркуль	694	2058	4118	7399	2807	4227	2246	2807	7399	4044	2521	899
Челябинск	694	2058	4324	7399	2807	4227	2246	2807	7399	4044	2521	899
Прочие города и населенные пункты	694	2058	4300	7399	2807	4227	2246	2807	7399	4044	2521	899
Ярославская область												
Ярославль	1407	2058	4300	7399	2807	4227	2246	2807	7399	4044	2521	899
Прочие города и населенные пункты	1407	2058	4700	7399	2807	4227	2246	2807	7399	4044	2521	899
Москва	1407	2058	4118	7399	2807	4227	2246	2807	7399	4044	2521	899
Санкт-Петербург	1407	2058	4118	7399	2807	4227	2246	2807	7399	4044	2521	899
Севастополь	1407	2911	4942	7399	5053	7609	4044	5OS3	7399	4044	2521	1895
Еврейская автономная область												
Биробиджан	1407	2911	4942	7399	5053	7S09	4044	5053	7399	4044	2521	1895
Прочие города и населенные пункты	1407	2911	4942	7399	5053	7609	4044	5053	7399	4044	2521	1895
Ненецкий автономный округ	1407	2058	4942	7399	2807	4227	2246	2807	7399	4044	2521	899
Ханты-Мансийский автономный округ -Югра												
Когалым	1407	2058	4118	7399	2807	4227	2246	2807	7399	4044	2521	899
Нефтеюганск	1407	2058	4118	7399	2807	4227	2246	2807	7399	4044	2521	899
Нягань	1407	2058	4118	7399	2807	4227	2246	2807	7399	4044	2521	899
Сургут	1407	2058	4118	7399	2807	4227	2246	2807	7399	4044	2521	899
Нижневартовск	1407	2058	4118	7399	2807	4227	2246	2807	7399	4044	2521	899
Ханты-Мансийск	1407	2058	4118	7399	2807	4227	2246	2807	7399	4044	2521	899
Прочие города и населенные пункты	1407	2058	4400	7399	2807	4227	2246	2807	7399	4044	2521	899
Чукотский автономный округ	1407	2058	4942	7399	2807	4227	2246	2807	7399	4044	2521	899
Ямало-Ненецкий автономный округ												
Новый Уренгой	1407	20S8	4400	7399	2807	4227	2246	2807	7399	4044	2521	899
Ноябрьск	1407	2058	4118	7399	2807	4227	2246	2807	7399	4044	2521	899
Прочие города и населенные пункты	1407	2058	4400	7399	2807	4227	2246	2807	7399	4044	2521	899
Байконур	1407	2911	4942	7399	5053	7609	4044	5053	7399	4044	2521	1895