Территория преимущественного использования ТС	Категория «А», «М»	Категория «B», «BE» юр. лиц	Категория «B», «BE» физ. лиц, индивид. Предприним.	Категория «B», «BE» Такси	Категория «C», «CE» менее 16 тонн (включит.)	Категория «C», «CE» более 16 тонн	Категория «D», «DE» до 16 мест (включит.)	Категория «D», «DE» более 16 мест	Категория «D», «DE» Такси	Троллейбусы	Трамваи	Тракторы, самоходные дорожностроительные и иные машины
Республика Адыгея	1407	2911	4942	7399	5053	7609	4044	5053	7399	4044	2521	1895
Республика Алтай												
Горно-Алтайск	1407	2911	4942	7399	5053	7609	4044	5053	7399	4044	2521	1895
Прочие города и населенные пункты	1407	2911	4942	7399	5053	7609	4044	5053	7399	4044	2521	1895
Республика Башкортостан												
Благовещенск	1407	2573	4350	7399	5053	6975	4044	5053	7399	4044	2521	1124
Ишимбай	1407	2573	4350	7399	5053	6975	4044	5053	7399	4044	2521	1124
Кумертау	1407	2573	4350	7399	5053	6975	4044	5053	7399	4044	2521	1124
Октябрьский	1407	2573	4350	7399	5053	6975	4044	5053	7399	4044	2521	1124
Салават	1407	2573	4350	7399	5053	6975	4044	5053	7399	4044	2521	1124
Стерлитамак	1407	2573	4350	7399	5053	6975	4044	5053	7399	4044	2521	1124
Туймазы	1407	2573	4350	7399	5053	6975	4044	5053	7399	4044	2521	1124
Уфа	1407	2573	4118	7399	5053	6975	4044	5053	7399	4044	2521	1124
Прочие города и населенные пункты	1407	2573	4529	7399	5053	6975	4044	5053	7399	4044	2521	1124
Республика Бурятия												
Улан-Удэ	1407	2911	4942	7399	5053	7609	4044	5053	7399	4044	2521	1895
Прочие города и населенные пункты	1407	2911	4942	7399	5053	7609	4044	5053	7399	4044	2521	1895
Республика Дагестан												
Буйнакск	1407	2911	4942	7399	5053	7609	4044	5053	7399	4044	2521	1895
Дербент	1407	2911	4942	7399	5053	7609	4044	5053	7399	4044	2521	1895
Каспийск	1407	2911	4942	7399	5053	7609	4044	5053	7399	4044	2521	1895
Махачкала	1407	2911	4942	7399	5053	7609	4044	5053	7399	4044	2521	1895
Хасавюрт	1407	2911	4942	7399	5053	7609	4044	5053	7399	4044	2521	1895
Прочие города и населенные пункты	1407	2911	4942	7399	5053	7609	4044	5053	7399	4044	2521	1895
Республика Ингушетия												
Малгобек	1407	2911	4942	7399	5053	7609	4044	5053	7399	4044	2521	1895
Назрань	1407	2911	4942	7399	5053	7609	4044	5053	7399	4044	2521	1895
Прочие города и населенные пункты	1407	2911	4942	7399	5053	7609	4044	5053	7399	4044	2521	1895
Кабардино-Балкарская Республика												
Нальчик	1407	2911	4942	7399	5053	7609	4044	5053	7399	4044	2521	1895
Прохладный	1407	2911	4942	7399	5053	7609	4044	5053	7399	4044	2521	1895
Прочие города и населенные пункты	1407	2911	4942	7399	5053	7609	4044	5053	7399	4044	2521	1895
Республика Калмыкия												
Элиста	1407	2911	4942	7399	5053	7609	4044	5053	7399	4044	2521	1895
Прочие города и населенные пункты	1407	2911	4942	7399	5053	7609	4044	5053	7399	4044	2521	1895
Карачаево-Черкесская Республика	1407	2911	4942	7399	5053	7609	4044	5053	7399	4044	2521	1895
Республика Карелия												
Петрозаводск	1407	2573	4118	7399	4211	5284	3370	4211	7399	4044	2521	1579
Прочие города и населенные пункты	1407	2573	4942	7399	4211	5284	3370	4211	7399	4044	2521	1579
Республика Коми												
Сыктывкар	1407	2911	4942	7399	5053	7609	4044	5053	7399	4044	2521	1895
Ухта	1407	2911	4942	7399	5053	7609	4044	5053	7399	4044	2521	1895
Прочие города и населенные пункты	1407	2911	4942	7399	5053	7609	4044	5053	7399	4044	2521	1895
Республика Крым												
Симферополь	1407	2911	4942	7399	5053	7609	4044	5053	7399	4044	2521	1895
Прочие города и населенные пункты	1407	2911	4942	7399	5053	7609	4044	5053	7399	4044	2521	1895
Республика Марий Эл												
Волжск	1407	2911	4942	7399	5053	7609	4044	5053	7399	4044	2521	1895
Йошкар-Ола	1407	2911	4942	7399	5053	7609	4044	5053	7399	4044	2521	1895
Прочие города и населенные пункты	1407	2911	4942	7399	5053	7609	4044	5053	7399	4044	2521	1895
Республика Мордовия												
Рузаевка	1407	2911	4942	7399	5053	7609	4044	5053	7399	4044	2521	1895
Саранск	1407	2911	4942	7399	5053	7609	4044	5053	7399	4044	2521	1895
Прочие города и населенные пункты	1407	2911	4942	7399	5053	7609	4044	5053	7399	4044	2521	1895
Республика Саха (Якутия)												
Нерюнгри	1407	2911	4942	7399	5053	7609	4044	5053	7399	4044	2521	1895
Якутск	1407	2911	4942	7399	5053	7609	4044	5053	7399	4044	2521	1895
Прочие города и населенные пункты	1407	2911	4942	7399	5053	7609	4044	5053	7399	4044	2521	1895
Республика Северная Осетия - Алания												
Владикавказ	1407	2911	4942	7399	5053	7609	4044	5053	7399	4044	2521	1895
Прочие города и населенные пункты	1407	2911	4942	7399	5053	7609	4044	5053	7399	4044	2521	1895
Республика Татарстан												
Альметьевск	1407	2573	4942	7399	3509	5284	4044	5053	7399	4044	2521	1579
Бугульма	1407	2573	4942	7399	3509	5284	4044	5053	7399	4044	2521	1579
Елабуга	1407	2573	4942	7399	3509	5284	4044	5053	7399	4044	2521	1579
Зеленодольск	1407	2573	4942	7399	3509	5284	4044	5053	7399	4044	2521	1579
Казань	1407	2573	4118	7399	3509	5284	4044	5053	7399	4044	2521	1579
Лениногорск	1407	2573	4942	7399	3509	5284	4044	5053	7399	4044	2521	1579
Набережные Челны	1407	2573	4118	7399	3509	5284	4044	5053	7399	4044	2521	1579
Нижнекамск	1407	2573	4942	7399	3509	5284	4044	5053	7399	4044	2521	1579
Чистополь	1407	2573	4942	7399	3509	5284	4044	5053	7399	4044	2521	1579
Прочие города и населенные пункты	1407	2573	4942	7399	3509	5284	4044	5053	7399	4044	2521	1579
Республика Тыва												
Кызыл	1407	2911	4942	7399	5053	7609	4044	5053	7399	4044	2521	1895
Прочие города и населенные пункты	1407	2911	4942	7399	5053	7609	4044	5053	7399	4044	2521	1895
Удмуртская Республика												
Воткинск	1407	2911	4942	7399	5053	7609	4044	5053	7399	4044	2521	1895
Глазов	1407	2911	4942	7399	5053	7609	4044	5053	7399	4044	2521	1895
Ижевск	1407	2911	4942	7399	5053	7609	4044	5053	7399	4044	2521	1895
Сарапул	1407	2911	4942	7399	5053	7609	4044	5053	7399	4044	2521	1895
Прочие города и населенные пункты	1407	2911	4942	7399	5053	7609	4044	5053	7399	4044	2521	1895
Республика Хакасия												
Абакан	1407	2911	4942	7399	5053	7609	4044	5053	7399	4044	2521	1895
Саяногорск	1407	2911	4942	7399	5053	7609	4044	5053	7399	4044	2521	1895
Черногорск	1407	2911	4942	7399	5053	7609	4044	5053	7399	4044	2521	1895
Прочие города и населенные пункты	1407	2911	4942	7399	5053	7609	4044	5053	7399	4044	2521	1895
Чеченская Республика	1407	2911	4942	7399	5053	7609	4044	5053	7399	4044	2521	1895
Чувашская Республика												
Канаш	1407	2911	4942	7399	5053	7609	4044	5053	7399	4044	2521	1895
Новочебоксарск	1407	2911	4942	7399	5053	7609	4044	5053	7399	4044	2521	1895
Чебоксары	1407	2911	4942	7399	5053	7609	4044	5053	7399	4044	2521	1895
Прочие города и населенные пункты	1407	2911	4942	7399	5053	7609	4044	5053	7399	4044	2521	1895
Алтайский край												
Барнаул	1407	2911	4942	7399	5053	7609	4044	5053	7399	4044	2521	1895
Бийск	1407	2911	4942	7399	5053	7609	4044	5053	7399	4044	2521	1895
Заринск	1407	2911	4942	7399	5053	7609	4044	5053	7399	4044	2521	1895
Новоалтайск	1407	2911	4942	7399	5053	7609	4044	5053	7399	4044	2521	1895
Рубцовск	1407	2911	4942	7399	5053	7609	4044	5053	7399	4044	2521	1895
Прочие города и населенные пункты	1407	2911	4942	7399	5053	7609	4044	5053	7399	4044	2521	1895
Забайкальский край												
Краснокаменск	1407	2911	4942	7399	5053	7609	4044	5053	7399	4044	2521	1895
Чита	1407	2911	4942	7399	5053	7609	4044	5053	7399	4044	2521	1895
Прочие города и населенные пункты	1407	2911	4942	7399	5053	7609	4044	5053	7399	4044	2521	1895
Камчатский край												
Петропавловск-Камчатский	1407	2911	4942	7399	5053	7609	4044	5053	7399	4044	2521	1895
Прочие города и населенные пункты	1407	2911	4942	7399	5053	7609	4044	5053	7399	4044	2521	1895
Краснодарский край												
Анапа	1407	2911	4942	7399	5053	7609	4044	5053	7399	4044	2521	1895
Армавир	1407	2911	4942	7399	5053	7609	4044	5053	7399	4044	2521	1895
Белореченск	1407	2911	4942	7399	5053	7609	4044	5053	7399	4044	2521	1895
Геленджик	1407	2911	4942	7399	5053	7609	4044	5053	7399	4044	2521	1895
Ейск	1407	2911	4942	7399	5053	7609	4044	5053	7399	4044	2521	1895
Краснодар	1407	2911	4942	7399	5053	7609	4044	5053	7399	4044	2521	1895
Кропоткин	1407	2911	4942	7399	5053	7609	4044	5053	7399	4044	2521	1895
Крымск	1407	2911	4942	7399	5053	7609	4044	5053	7399	4044	2521	1895
Курганинск	1407	2911	4942	7399	5053	7609	4044	5053	7399	4044	2521	1895
Лабинск	1407	2911	4942	7399	5053	7609	4044	5053	7399	4044	2521	1895
Новороссийск	1407	2911	4942	7399	5053	7609	4044	5053	7399	4044	2521	1895
Сочи	1407	2911	4942	7399	5053	7609	4044	5053	7399	4044	2521	1895
Славянск-на-Кубани	1407	2911	4942	7399	5053	7609	4044	5053	7399	4044	2521	1895
Тимашевск	1407	2911	4942	7399	5053	7609	4044	5053	7399	4044	2521	1895
Тихорецк	1407	2911	4942	7399	5053	7609	4044	5053	7399	4044	2521	1895
Туапсе	1407	2911	4942	7399	5053	7609	4044	5053	7399	4044	2521	1895
Прочие города и населенные пункты	1407	2911	4942	7399	5053	7609	4044	5053	7399	4044	2521	1895
Красноярский край												
Ачинск	1407	2911	4942	7399	5053	7609	4044	5053	7399	4044	2521	1895
Железногорск	1407	2911	4942	7399	5053	7609	4044	5053	7399	4044	2521	1895
Зеленогорск	1407	2911	4942	7399	5053	7609	4044	5053	7399	4044	2521	1895
Лесосибирск	1407	2911	4942	7399	5053	7609	4044	5053	7399	4044	2521	1895
Канск	1407	2911	4942	7399	5053	7609	4044	5053	7399	4044	2521	1895
Красноярск	1407	2911	4118	7399	5053	7609	4044	5053	7399	4044	2521	1895
Минусинск	1407	2911	4942	7399	5053	7609	4044	5053	7399	4044	2521	1895
Назарово	1407	2911	4942	7399	5053	7609	4044	5053	7399	4044	2521	1895
Норильск	1407	2911	4942	7399	5053	7609	4044	5053	7399	4044	2521	1895
Прочие города и населенные пункты	1407	2911	4942	7399	5053	7609	4044	5053	7399	4044	2521	1895
Пермский край												
Березники	1407	2911	4942	7399	5053	7609	4044	5053	7399	4044	2521	1895
Краснокамск	1407	2911	4942	7399	5053	7609	4044	5053	7399	4044	2521	1895
Лысьва	1407	2911	4942	7399	5053	7609	4044	5053	7399	4044	2521	1895
Пермь	1407	2911	4942	7399	5053	7609	4044	5053	7399	4044	2521	1895
Соликамск	1407	2911	4942	7399	5053	7609	4044	5053	7399	4044	2521	1895
Чайковский	1407	2911	4942	7399	5053	7609	4044	5053	7399	4044	2521	1895
Прочие города и населенные пункты	1407	2911	4942	7399	5053	7609	4044	5053	7399	4044	2521	1895
Приморский край												
Арсеньев	1407	2911	4942	7399	5053	7609	4044	5053	7399	4044	2521	1895
Артем	1407	2911	4942	7399	5053	7609	4044	5053	7399	4044	2521	1895
Владивосток	1407	2911	4942	7399	5053	7609	4044	5053	7399	4044	2521	1895
Находка	1407	2911	4942	7399	5053	7609	4044	5053	7399	4044	2521	1895
Спасск-Дальний	1407	2911	4942	7399	5053	7609	4044	5053	7399	4044	2521	1895
Уссурийск	1407	2911	4942	7399	5053	7609	4044	5053	7399	4044	2521	1895
Прочие города и населенные пункты	1407	2911	4942	7399	5053	7609	4044	5053	7399	4044	2521	1895
Ставропольский край												
Буденновск	1407	2911	4942	7399	5053	7609	4044	5053	7399	4044	2521	1895
Георгиевск	1407	2911	4942	7399	5053	7609	4044	5053	7399	4044	2521	1895
Ессентуки	1407	2911	4942	7399	5053	7609	4044	5053	7399	4044	2521	1895
Кисловодск	1407	2911	4942	7399	5053	7609	4044	5053	7399	4044	2521	1895
Минеральные Воды	1407	2911	4942	7399	5053	7609	4044	5053	7399	4044	2521	1895
Михайловск	1407	2911	4942	7399	5053	7609	4044	5053	7399	4044	2521	1895
Невинномысск	1407	2911	4942	7399	5053	7609	4044	5053	7399	4044	2521	1895
Пятигорск	1407	2911	4942	7399	5053	7609	4044	5053	7399	4044	2521	1895
Ставрополь	1407	2911	4942	7399	5053	7609	4044	5053	7399	4044	2521	1895
Прочие города и населенные пункты	1407	2911	4942	7399	5053	7609	4044	5053	7399	4044	2521	1895
Хабаровский край												
Амурск	1407	2911	4942	7399	5053	7609	4044	5053	7399	4044	2521	1895
Комсомольск-на-Амуре	1407	2911	4942	7399	5053	7609	4044	5053	7399	4044	2521	1895
Хабаровск	1407	2911	4942	7399	5053	7609	4044	5053	7399	4044	2521	1895
Прочие города и населенные пункты	1407	2911	4942	7399	5053	7609	4044	5053	7399	4044	2521	1895
Амурская область												
Белогорск, Свободный	1407	2911	4942	7399	5053	7609	4044	5053	7399	4044	2521	1895
Благовещенск	1407	2911	4942	7399	5053	7609	4044	5053	7399	4044	2521	1895
Прочие города и населенные пункты	1407	2911	4942	7399	5053	7609	4044	5053	7399	4044	2521	1895
Архангельская область												
Архангельск	1407	2911	4942	7399	5053	7609	4044	5053	7399	4044	2521	1895
Котлас	1407	2911	4942	7399	5053	7609	4044	5053	7399	4044	2521	1895
Северодвинск	1407	2911	4942	7399	5053	7609	4044	5053	7399	4044	2521	1895
Прочие города и населенные пункты	1407	2911	4942	7399	5053	7609	4044	5053	7399	4044	2521	1895
Астраханская область												
Астрахань	1407	2911	4942	7399	5053	7609	4044	5053	7399	4044	2521	1895
Прочие города и населенные пункты	1407	2911	4942	7399	5053	7609	4044	5053	7399	4044	2521	1895
Белгородская область												
Белгород	1407	2911	4118	7399	5053	7609	4044	5053	7399	4044	2521	1895
Губкин	1407	2911	4942	7399	5053	7609	4044	5053	7399	4044	2521	1895
Старый Оскол	1407	2911	4942	7399	5053	7609	4044	5053	7399	4044	2521	1895
Прочие города и населенные пункты	1407	2911	4942	7399	5053	7609	4044	5053	7399	4044	2521	1895
Брянская область												
Брянск	1407	2911	4942	7399	5053	7609	4044	5053	7399	4044	2521	1895
Клинцы	1407	2911	4942	7399	5053	7609	4044	5053	7399	4044	2521	1895
Прочие города и населенные пункты	1407	2911	4942	7399	5053	7609	4044	5053	7399	4044	2521	1895
Владимирская область												
Владимир	1407	2911	4942	7399	5053	7609	4044	5053	7399	4044	2521	1895
Гусь-Хрустальный	1407	2911	4942	7399	5053	7609	4044	5053	7399	4044	2521	1895
Муром	1407	2911	4942	7399	5053	7609	4044	5053	7399	4044	2521	1895
Прочие города и населенные пункты	1407	2911	4942	7399	5053	7609	4044	5053	7399	4044	2521	1895
Волгоградская область												
Волгоград	1407	2911	4942	7399	5053	7609	4044	5053	7399	4044	2521	1895
Волжский	1407	2911	4942	7399	5053	7609	4044	5053	7399	4044	2521	1895
Камышин	1407	2911	4942	7399	5053	7609	4044	5053	7399	4044	2521	1895
Михайловка	1407	2911	4942	7399	5053	7609	4044	5053	7399	4044	2521	1895
Прочие города и населенные пункты	1407	2911	4942	7399	5053	7609	4044	5053	7399	4044	2521	1895
Вологодская область												
Вологда	1407	2911	4942	7399	5053	7609	4044	5053	7399	4044	2521	1895
Череповец	1407	2911	4942	7399	5053	7609	4044	5053	7399	4044	2521	1895
Прочие города и населенные пункты	1407	2911	4942	7399	5053	7609	4044	5053	7399	4044	2521	1895
Воронежская область												
Борисоглебск	1407	2911	4942	7399	5053	7609	4044	5053	7399	4044	2521	1895
Воронеж	1407	2911	4118	7399	5053	7609	4044	5053	7399	4044	2521	1895
Лиски	1407	2911	4942	7399	5053	7609	4044	5053	7399	4044	2521	1895
Россошь	1407	2911	4942	7399	5053	7609	4044	5053	7399	4044	2521	1895
Прочие города и населенные пункты	1407	2911	4942	7399	5053	7609	4044	5053	7399	4044	2521	1895
Ивановская область												
Иваново	1407	2911	4942	7399	5053	7609	4044	5053	7399	4044	2521	1895
Кинешма	1407	2911	4942	7399	5053	7609	4044	5053	7399	4044	2521	1895
Шуя	1407	2911	4942	7399	5053	7609	4044	5053	7399	4044	2521	1895
Прочие города и населенные пункты	1407	2911	4942	7399	5053	7609	4044	5053	7399	4044	2521	1895
Иркутская область												
Ангарск	1407	2911	4942	7399	5053	7609	4044	5053	7399	4044	2521	1895
Братск	1407	2911	4942	7399	5053	7609	4044	5053	7399	4044	2521	1895
Иркутск	1407	2911	4942	7399	5053	7609	4044	5053	7399	4044	2521	1895
Тулун	1407	2911	4942	7399	5053	7609	4044	5053	7399	4044	2521	1895
Усолье-Сибирское	1407	2911	4942	7399	5053	7609	4044	5053	7399	4044	2521	1895
Усть-Илимск	1407	2911	4942	7399	5053	7609	4044	5053	7399	4044	2521	1895
Усть-Кут	1407	2911	4942	7399	5053	7609	4044	5053	7399	4044	2521	1895
Черемхово	1407	2911	4942	7399	5053	7609	4044	5053	7399	4044	2521	1895
Шелехов	1407	2911	4942	7399	5053	7609	4044	5053	7399	4044	2521	1895
Прочие города и населенные пункты	1407	2911	4942	7399	5053	7609	4044	5053	7399	4044	2521	1895
Калининградская область												
Калининград	1407	2911	4942	7399	5053	7609	4044	5053	7399	4044	2521	1895
Прочие города и населенные пункты	1407	2911	4942	7399	5053	7609	4044	5053	7399	4044	2521	1895
Калужская область												
Калуга	1407	2911	4942	7399	5053	7609	4044	5053	7399	4044	2521	1895
Обнинск	1407	2911	4942	7399	5053	7609	4044	5053	7399	4044	2521	1895
Прочие города и населенные пункты	1407	2911	4942	7399	5053	7609	4044	5053	7399	4044	2521	1895
Кемеровская область												
Анжеро-Судженск	1407	2911	4942	7399	5053	7609	4044	5053	7399	4044	2521	1895
Белово	1407	2911	4942	7399	5053	7609	4044	5053	7399	4044	2521	1895
Березовский	1407	2911	4942	7399	5053	7609	4044	5053	7399	4044	2521	1895
Кемерово	1407	2911	4118	7399	5053	7609	4044	5053	7399	4044	2521	1895
Киселевск	1407	2911	4942	7399	5053	7609	4044	5053	7399	4044	2521	1895
Междуреченск	1407	2911	4942	7399	5053	7609	4044	5053	7399	4044	2521	1895
Новокузнецк	1407	2911	4942	7399	5053	7609	4044	5053	7399	4044	2521	1895
Осинники	1407	2911	4942	7399	5053	7609	4044	5053	7399	4044	2521	1895
Прокопьевск	1407	2911	4942	7399	5053	7609	4044	5053	7399	4044	2521	1895
Юрга	1407	2911	4942	7399	5053	7609	4044	5053	7399	4044	2521	1895
Прочие города и населенные пункты	1407	2911	4942	7399	5053	7609	4044	5053	7399	4044	2521	1895
Кировская область												
Киров	1407	2911	4942	7399	5053	7609	4044	5053	7399	4044	2521	1895
Кирово-Чепецк	1407	2911	4942	7399	5053	7609	4044	5053	7399	4044	2521	1895
Прочие города и населенные пункты	1407	2911	4942	7399	5053	7609	4044	5053	7399	4044	2521	1895
Костромская область												
Кострома	1407	2911	4942	7399	5053	7609	4044	5053	7399	4044	2521	1895
Прочие города и населенные пункты	1407	2911	4942	7399	5053	7609	4044	5053	7399	4044	2521	1895
Курганская область												
Курган	1407	2911	4942	7399	5053	7609	4044	5053	7399	4044	2521	1895
Шадринск	1407	2911	4942	7399	5053	7609	4044	5053	7399	4044	2521	1895
Прочие города и населенные пункты	1407	2911	4942	7399	5053	7609	4044	5053	7399	4044	2521	1895
Курская область												
Железногорск	1407	2911	4942	7399	5053	7609	4044	5053	7399	4044	2521	1895
Курск	1407	2911	4942	7399	5053	7609	4044	5053	7399	4044	2521	1895
Прочие города и населенные пункты	1407	2911	4942	7399	5053	7609	4044	5053	7399	4044	2521	1895
Ленинградская область	1407	2058	4118	7399	2807	4227	4044	5053	7399	4044	2521	899
Липецкая область												
Елец	1407	2911	4942	7399	5053	7609	4044	5053	7399	4044	2521	1895
Липецк	1407	2911	4942	7399	5053	7609	4044	5053	7399	4044	2521	1895
Прочие города и населенные пункты	1407	2911	4942	7399	5053	7609	4044	5053	7399	4044	2521	1895
Магаданская область												
Магадан	1407	2911	4942	7399	5053	7609	4044	5053	7399	4044	2521	1895
Прочие города и населенные пункты	1407	2911	4942	7399	5053	7609	4044	5053	7399	4044	2521	1895
Московская область	1407	2058	4118	7399	2807	4227	4044	5053	7399	4044	2521	899
Мурманская область												
Апатиты	1407	2911	4942	7399	5053	7609	4044	5053	7399	4044	2521	1895
Мончегорск	1407	2911	4942	7399	5053	7609	4044	5053	7399	4044	2521	1895
Мурманск	1407	2911	4942	7399	5053	7609	4044	5053	7399	4044	2521	1895
Североморск	1407	2911	4942	7399	5053	7609	4044	5053	7399	4044	2521	1895
Прочие города и населенные пункты	1407	2911	4942	7399	5053	7609	4044	5053	7399	4044	2521	1895
Нижегородская область												
Арзамас	1407	2573	4118	7399	3509	5284	2808	3509	7399	4044	2521	899
Балахна	1407	2573	4118	7399	3509	5284	2808	3509	7399	4044	2521	899
Бор	1407	2573	4118	7399	3509	5284	2808	3509	7399	4044	2521	899
Выкса	1407	2573	4118	7399	3509	5284	2808	3509	7399	4044	2521	899
Дзержинск	1407	2573	4118	7399	3509	5284	2808	3509	7399	4044	2521	899
Кстово	1407	2573	4118	7399	3509	5284	2808	3509	7399	4044	2521	899
Нижний Новгород	1407	2573	4118	7399	3509	5284	2808	3509	7399	4044	2521	899
Саров	1407	2573	4118	7399	3509	5284	2808	3509	7399	4044	2521	899
Прочие города и населенные пункты	1407	2573	4118	7399	3509	5284	2808	3509	7399	4044	2521	899
Новгородская область												
Боровичи	1407	2911	4942	7399	5053	7609	4044	5053	7399	4044	2521	1895
Великий Новгород	1407	2911	4942	7399	5053	7609	4044	5053	7399	4044	2521	1895
Прочие города и населенные пункты	1407	2911	4942	7399	5053	7609	4044	5053	7399	4044	2521	1895
Новосибирская область												
Бердск	1407	2911	4942	7399	5053	7609	4044	5053	7399	4044	2521	1895
Искитим	1407	2911	4942	7399	5053	7609	4044	5053	7399	4044	2521	1895
Куйбышев	1407	2911	4942	7399	5053	7609	4044	5053	7399	4044	2521	1895
Новосибирск	1407	2911	4530	7399	5053	7609	4044	5053	7399	4044	2521	1895
Прочие города и населенные пункты	1407	2911	4942	7399	5053	7609	4044	5053	7399	4044	2521	1895
Омская область												
Омск	1407	2911	4942	7399	5053	7609	4044	5053	7399	4044	2521	1895
Прочие города и населенные пункты	1407	2911	4942	7399	5053	7609	4044	5053	7399	4044	2521	1895
Оренбургская область												
Бугуруслан	1407	2911	4942	7399	5053	7609	4044	5053	7399	4044	2521	1895
Бузулук	1407	2911	4942	7399	5053	7609	4044	5053	7399	4044	2521	1895
Новотроицк	1407	2911	4942	7399	5053	7609	4044	5053	7399	4044	2521	1895
Оренбург	1407	2911	4118	7399	5053	7609	4044	5053	7399	4044	2521	1895
Орск	1407	2911	4942	7399	5053	7609	4044	5053	7399	4044	2521	1895
Прочие города и населенные пункты	1407	2911	4942	7399	5053	7609	4044	5053	7399	4044	2521	1895
Орловская область												
Ливны	1407	2911	4942	7399	5053	7609	4044	5053	7399	4044	2521	1895
Мценск	1407	2911	4942	7399	5053	7609	4044	5053	7399	4044	2521	1895
Орел	1407	2911	4942	7399	5053	7609	4044	5053	7399	4044	2521	1895
Прочие города и населенные пункты	1407	2911	4942	7399	5053	7609	4044	5053	7399	4044	2521	1895
Пензенская область												
Заречный	1407	2911	4942	7399	5053	7609	4044	5053	7399	4044	2521	1895
Кузнецк	1407	2911	4942	7399	5053	7609	4044	5053	7399	4044	2521	1895
Пенза	1407	2911	4942	7399	5053	7609	4044	5053	7399	4044	2521	1895
Прочие города и населенные пункты	1407	2911	4942	7399	5053	7609	4044	5053	7399	4044	2521	1895
Псковская область												
Великие Луки	1407	2911	4942	7399	5053	7609	4044	5053	7399	4044	2521	1895
Псков	1407	2911	4942	7399	5053	7609	4044	5053	7399	4044	2521	1895
Прочие города и населенные пункты	1407	2911	4942	7399	5053	7609	4044	5053	7399	4044	2521	1895
Ростовская область												
Азов	1407	2911	4942	7399	5053	7609	4044	5053	7399	4044	2521	1895
Батайск	1407	2911	4942	7399	5053	7609	4044	5053	7399	4044	2521	1895
Волгодонск	1407	2911	4942	7399	5053	7609	4044	5053	7399	4044	2521	1895
Гуково	1407	2911	4942	7399	5053	7609	4044	5053	7399	4044	2521	1895
Каменск-Шахтинский	1407	2911	4942	7399	5053	7609	4044	5053	7399	4044	2521	1895
Новочеркасск	1407	2911	4942	7399	5053	7609	4044	5053	7399	4044	2521	1895
Новошахтинск	1407	2911	4942	7399	5053	7609	4044	5053	7399	4044	2521	1895
Ростов-на-Дону	1407	2911	4942	7399	5053	7609	4044	5053	7399	4044	2521	1895
Сальск	1407	2911	4942	7399	5053	7609	4044	5053	7399	4044	2521	1895
Таганрог	1407	2911	4942	7399	5053	7609	4044	5053	7399	4044	2521	1895
Шахты	1407	2911	4942	7399	5053	7609	4044	5053	7399	4044	2521	1895
Прочие города и населенные пункты	1407	2911	4942	7399	5053	7609	4044	5053	7399	4044	2521	1895
Рязанская область												
Рязань	1407	2911	4118	7399	3509	4227	4044	5053	7399	4044	2521	899
Прочие города и населенные пункты	1407	2911	4942	7399	3509	4227	4044	5053	7399	4044	2521	899
Самарская область												
Новокуйбышевск	1407	2058	4350	7399	2807	4227	2246	2807	7399	4044	2521	899
Самара	1407	2058	4118	7399	2807	4227	2246	2807	7399	4044	2521	899
Сызрань	1407	2573	4118	7399	3509	5284	2808	3509	7399	4044	2521	1124
Тольятти	1407	2058	4118	7399	2900	5284	4044	5053	7399	4044	2521	1124
Чапаевск	1407	2058	4350	7399	2807	4227	2246	2807	7399	4044	2521	899
Прочие города и населенные пункты	1407	2058	4942	7399	2807	4227	2246	2807	7399	4044	2521	899
Саратовская область												
Балаково	1407	2911	4942	7399	5053	7609	4044	5053	7399	4044	2521	1895
Балашов	1407	2911	4942	7399	5053	7609	4044	5053	7399	4044	2521	1895
Вольск	1407	2911	4942	7399	5053	7609	4044	5053	7399	4044	2521	1895
Саратов	1407	2911	4118	7399	5053	7609	4044	5053	7399	4044	2521	1895
Энгельс	1407	2911	4942	7399	5053	7609	4044	5053	7399	4044	2521	1895
Прочие города и населенные пункты	1407	2911	4942	7399	5053	7609	4044	5053	7399	4044	2521	1895
Сахалинская область												
Южно-Сахалинск	1407	2911	4942	7399	5053	7609	4044	5053	7399	4044	2521	1895
Прочие города и населенные пункты	1407	2911	4942	7399	5053	7609	4044	5053	7399	4044	2521	1895
Свердловская область												
Асбест	1407	2058	4118	7399	2807	4227	4044	5053	7399	4044	2521	899
Березовский	1407	2058	4118	7399	2807	4227	4044	5053	7399	4044	2521	899
Верхняя Пышма	1407	2058	4118	7399	2807	4227	4044	5053	7399	4044	2521	899
Верхняя Салда	1407	2058	4118	7399	2807	4227	4044	5053	7399	4044	2521	899
Екатеринбург	1407	2058	4118	7399	2807	4227	4044	5053	7399	4044	2521	899
Новоуральск	1407	2058	4118	7399	2807	4227	4044	5053	7399	4044	2521	899
Первоуральск	1407	2058	4118	7399	2807	4227	4044	5053	7399	4044	2521	899
Полевской	1407	2058	4118	7399	2807	4227	4044	5053	7399	4044	2521	899
Ревда	1407	2058	4118	7399	2807	4227	4044	5053	7399	4044	2521	899
Прочие города и населенные пункты	1407	2058	4118	7399	2807	4227	4044	5053	7399	4044	2521	899
Смоленская область												
Вязьма	1407	2911	4942	7399	5053	7609	4044	5053	7399	4044	2521	1895
Рославль	1407	2911	4942	7399	5053	7609	4044	5053	7399	4044	2521	1895
Сафоново	1407	2911	4942	7399	5053	7609	4044	5053	7399	4044	2521	1895
Смоленск	1407	2911	4942	7399	5053	7609	4044	5053	7399	4044	2521	1895
Ярцево	1407	2911	4942	7399	5053	7609	4044	5053	7399	4044	2521	1895
Прочие города и населенные пункты	1407	2911	4942	7399	5053	7609	4044	5053	7399	4044	2521	1895
Тамбовская область												
Мичуринск	1407	2911	4942	7399	5053	7609	4044	5053	7399	4044	2521	1895
Тамбов	1407	2911	4942	7399	5053	7609	4044	5053	7399	4044	2521	1895
Прочие города и населенные пункты	1407	2911	4942	7399	5053	7609	4044	5053	7399	4044	2521	1895
Тверская область												
Вышний Волочек	1407	2911	4942	7399	5053	7609	4044	5053	7399	4044	2521	1895
Кимры	1407	2911	4942	7399	5053	7609	4044	5053	7399	4044	2521	1895
Ржев	1407	2911	4942	7399	5053	7609	4044	5053	7399	4044	2521	1895
Тверь	1407	2911	4942	7399	5053	7609	4044	5053	7399	4044	2521	1895
Прочие города и населенные пункты	1407	2911	4942	7399	5053	7609	4044	5053	7399	4044	2521	1895
Томская область												
Северск	1407	2911	4942	7399	5053	7609	4044	5053	7399	4044	2521	1895
Томск	1407	2911	4942	7399	5053	7609	4044	5053	7399	4044	2521	1895
Прочие города и населенные пункты	1407	2911	4942	7399	5053	7609	4044	5053	7399	4044	2521	1895
Тульская область												
Алексин	1407	2911	4942	7399	5053	7609	4044	5053	7399	4044	2521	1895
Ефремов	1407	2911	4942	7399	5053	7609	4044	5053	7399	4044	2521	1895
Новомосковск	1407	2911	4942	7399	5053	7609	4044	5053	7399	4044	2521	1895
Тула	1407	2911	4942	7399	5053	7609	4044	5053	7399	4044	2521	1895
Узловая	1407	2911	4942	7399	5053	7609	4044	5053	7399	4044	2521	1895
Щекино	1407	2911	4942	7399	5053	7609	4044	5053	7399	4044	2521	1895
Прочие города и населенные пункты	1407	2911	4942	7399	5053	7609	4044	5053	7399	4044	2521	1895
Тюменская область												
Тобольск	1407	2911	4942	7399	5053	7609	4044	5053	7399	4044	2521	1895
Тюмень	1407	2911	4942	7399	5053	7609	4044	5053	7399	4044	2521	1895
Прочие города и населенные пункты	1407	2911	4942	7399	5053	7609	4044	5053	7399	4044	2521	1895
Ульяновская область												
Димитровград	1407	2911	4942	7399	5053	7609	4044	5053	7399	4044	2521	1895
Ульяновск	1407	2911	4942	7399	5053	7609	4044	5053	7399	4044	2521	1895
Прочие города и населенные пункты	1407	2911	4942	7399	5053	7609	4044	5053	7399	4044	2521	1895
Челябинская область												
Златоуст	1407	2911	4942	7399	5053	7609	4044	5053	7399	4044	2521	1895
Копейск	1407	2911	4942	7399	5053	7609	4044	5053	7399	4044	2521	1895
Магнитогорск	1407	2911	4942	7399	5053	7609	4044	5053	7399	4044	2521	1895
Миасс	1407	2911	4942	7399	5053	7609	4044	5053	7399	4044	2521	1895
Сатка	1407	2911	4942	7399	5053	7609	4044	5053	7399	4044	2521	1895
Чебаркуль	1407	2911	4942	7399	5053	7609	4044	5053	7399	4044	2521	1895
Челябинск	1407	2058	4118	7399	5053	7609	4044	5053	7399	4044	2521	1895
Прочие города и населенные пункты	1407	2911	4942	7399	5053	7609	4044	5053	7399	4044	2521	1895
Ярославская область												
Ярославль	1407	2911	4942	7399	5053	7609	4044	5053	7399	4044	2521	1895
Прочие города и населенные пункты	1407	2911	4942	7399	5053	7609	4044	5053	7399	4044	2521	1895
Москва	1407	2058	4118	7399	2807	4227	4044	5053	7399	4044	2521	899
Санкт-Петербург	1407	2058	3850	7399	2807	4227	4044	5053	7399	4044	2521	899
Севастополь	1407	2911	4942	7399	5053	7609	4044	5053	7399	4044	2521	1895
Еврейская автономная область												
Биробиджан	1407	2911	4942	7399	5053	7609	4044	5053	7399	4044	2521	1895
Прочие города и населенные пункты	1407	2911	4942	7399	5053	7609	4044	5053	7399	4044	2521	1895
Ненецкий автономный округ	1407	2911	4942	7399	5053	7609	4044	5053	7399	4044	2521	1895
Ханты-Мансийский автономный округ -Югра												
Когалым	1407	2911	4942	7399	5053	7609	4044	5053	7399	4044	2521	1895
Нефтеюганск	1407	2911	4942	7399	5053	7609	4044	5053	7399	4044	2521	1895
Нягань	1407	2911	4942	7399	5053	7609	4044	5053	7399	4044	2521	1895
Нижневартовск	1407	2911	4942	7399	5053	7609	4044	5053	7399	4044	2521	1895
Сургут	1407	2911	4942	7399	5053	7609	4044	5053	7399	4044	2521	1895
Ханты-Мансийск	1407	2911	4942	7399	5053	7609	4044	5053	7399	4044	2521	1895
Прочие города и населенные пункты	1407	2911	4942	7399	5053	7609	4044	5053	7399	4044	2521	1895
Чукотский автономный округ	1407	2911	4942	7399	5053	7609	4044	5053	7399	4044	2521	1895
Ямало-Ненецкий автономный округ												
Новый Уренгой	1407	2911	4942	7399	5053	7609	4044	5053	7399	4044	2521	1895
Ноябрьск	1407	2911	4942	7399	5053	7609	4044	5053	7399	4044	2521	1895
Прочие города и населенные пункты	1407	2911	4942	7399	5053	7609	4044	5053	7399	4044	2521	1895
Байконур	1407	2911	4942	7399	5053	7609	4044	5053	7399	4044	2521	1895
Временного использования на территории Российской Федерации транспортных средств зарегистрированных в иностранных государствах	1407	2911	4942	7399	5053	7609	4044	5053	7399	4044	2521	1895
Для ТС, следующих к месту регистрации ТС, а также к месту проведения техомотра ТС, повторного техосмотра ТС	1407	2911	4942	7399	5053	7609	4044	5053	7399	4044	2521	1895